# Lane-Emden n=1.5 solution (3D)
# Generated with solve_lane_emden.py
# Points: 1218
# xi_1 = 3.000000000000000e+01
# dtheta_1 = -2.035673450691322e-01
# Format: xi  theta  dtheta/dxi
0.000000000000000e+00  1.000000000000000e+00  0.000000000000000e+00
3.000300030003000e-03  9.999984997009659e-01  -1.000098658755755e-03
6.000600060006000e-03  9.999939988160264e-01  -2.000189216793745e-03
9.000900090008999e-03  9.999864973816399e-01  -3.000263569340576e-03
1.200120012001200e-02  9.999759954585814e-01  -4.000313615113281e-03
1.500150015001500e-02  9.999624931319328e-01  -5.000331252561405e-03
1.800180018001800e-02  9.999459905110811e-01  -6.000308380384066e-03
2.100210021002100e-02  9.999264877297201e-01  -7.000236898084882e-03
2.400240024002400e-02  9.999039849458461e-01  -8.000108705798909e-03
2.700270027002700e-02  9.998784823417556e-01  -8.999915704513466e-03
3.000300030003000e-02  9.998499801240438e-01  -9.999649796222138e-03
3.300330033003300e-02  9.998184785236005e-01  -1.099930288398789e-02
3.600360036003600e-02  9.997839777956067e-01  -1.199886687207865e-02
3.900390039003900e-02  9.997464782195313e-01  -1.299833366612085e-02
4.200420042004200e-02  9.997059800991276e-01  -1.399769517324688e-02
4.500450045004500e-02  9.996624837624248e-01  -1.499694330202286e-02
4.800480048004800e-02  9.996159895617294e-01  -1.599606996286555e-02
5.100510051005100e-02  9.995664978736143e-01  -1.699506706793444e-02
5.400540054005400e-02  9.995140090989170e-01  -1.799392653137766e-02
5.700570057005700e-02  9.994585236627316e-01  -1.899264026939820e-02
6.000600060006001e-02  9.994000420143996e-01  -1.999120020027086e-02
6.300630063006300e-02  9.993385646275120e-01  -2.098959824477042e-02
6.600660066006600e-02  9.992740919998925e-01  -2.198782632596515e-02
6.900690069006900e-02  9.992066246535958e-01  -2.298587636952149e-02
7.200720072007200e-02  9.991361631348993e-01  -2.398374030380998e-02
7.500750075007501e-02  9.990627080142893e-01  -2.498141005987082e-02
7.800780078007800e-02  9.989862598864588e-01  -2.597887757170991e-02
8.100810081008100e-02  9.989068193703006e-01  -2.697613477646239e-02
8.400840084008400e-02  9.988243871088889e-01  -2.797317361429829e-02
8.700870087008700e-02  9.987389637694766e-01  -2.896998602869089e-02
9.000900090009001e-02  9.986505500434860e-01  -2.996656396656732e-02
9.300930093009301e-02  9.985591466464945e-01  -3.096289937833381e-02
9.600960096009600e-02  9.984647543182200e-01  -3.195898421792080e-02
9.900990099009900e-02  9.983673738225176e-01  -3.295481044306155e-02
1.020102010201020e-01  9.982670059473741e-01  -3.395037001554740e-02
1.050105010501050e-01  9.981636515048794e-01  -3.494565490098022e-02
1.080108010801080e-01  9.980573113312230e-01  -3.594065706909131e-02
1.110111011101110e-01  9.979479862866828e-01  -3.693536849387472e-02
1.140114011401140e-01  9.978356772556140e-01  -3.792978115373187e-02
1.170117011701170e-01  9.977203851464316e-01  -3.892388703152975e-02
1.200120012001200e-01  9.976021108915933e-01  -3.991767811465013e-02
1.230123012301230e-01  9.974808554475850e-01  -4.091114639510712e-02
1.260126012601260e-01  9.973566197949149e-01  -4.190428386981070e-02
1.290129012901290e-01  9.972294049381109e-01  -4.289708254087631e-02
1.320132013201320e-01  9.970992119056752e-01  -4.388953441524017e-02
1.350135013501350e-01  9.969660417500852e-01  -4.488163150505861e-02
1.380138013801380e-01  9.968298955477742e-01  -4.587336582777572e-02
1.410141014101410e-01  9.966907743991206e-01  -4.686472940629852e-02
1.440144014401440e-01  9.965486794284312e-01  -4.785571426912712e-02
1.470147014701470e-01  9.964036117839230e-01  -4.884631245044034e-02
1.500150015001500e-01  9.962555726377015e-01  -4.983651599016514e-02
1.530153015301530e-01  9.961045631857404e-01  -5.082631693405836e-02
1.560156015601560e-01  9.959505846478641e-01  -5.181570733382908e-02
1.590159015901590e-01  9.957936382677355e-01  -5.280467924732986e-02
1.620162016201620e-01  9.956337253128503e-01  -5.379322473884550e-02
1.650165016501650e-01  9.954708470745183e-01  -5.478133587921268e-02
1.680168016801680e-01  9.953050048678010e-01  -5.576900474537864e-02
1.710171017101710e-01  9.951362000315319e-01  -5.675622342103449e-02
1.740174017401740e-01  9.949644339282810e-01  -5.774298399655139e-02
1.770177017701770e-01  9.947897079443402e-01  -5.872927856915129e-02
1.800180018001800e-01  9.946120234897052e-01  -5.971509924305259e-02
1.830183018301830e-01  9.944313819980549e-01  -6.070043812958584e-02
1.860186018601860e-01  9.942477849267272e-01  -6.168528734728956e-02
1.890189018901890e-01  9.940612337566946e-01  -6.266963902199693e-02
1.920192019201920e-01  9.938717299925396e-01  -6.365348528692347e-02
1.950195019501950e-01  9.936792751624296e-01  -6.463681828276636e-02
1.980198019801980e-01  9.934838708180957e-01  -6.561963015782586e-02
2.010201020102010e-01  9.932855185348128e-01  -6.660191306815906e-02
2.040204020402040e-01  9.930842199113844e-01  -6.758365917777649e-02
2.070207020702070e-01  9.928799765701324e-01  -6.856486065889229e-02
2.100210021002100e-01  9.926727901568697e-01  -6.954550969201655e-02
2.130213021302130e-01  9.924626623408067e-01  -7.052559846536656e-02
2.160216021602160e-01  9.922495948146017e-01  -7.150511917573109e-02
2.190219021902190e-01  9.920335892943072e-01  -7.248406402832824e-02
2.220222022202220e-01  9.918146475193464e-01  -7.346242523692975e-02
2.250225022502250e-01  9.915927712524922e-01  -7.444019502401059e-02
2.280228022802280e-01  9.913679622798426e-01  -7.541736562088008e-02
2.310231023102310e-01  9.911402224107945e-01  -7.639392926779816e-02
2.340234023402340e-01  9.909095534780162e-01  -7.736987821408038e-02
2.370237023702370e-01  9.906759573374178e-01  -7.834520471819616e-02
2.400240024002400e-01  9.904394358681206e-01  -7.931990104786336e-02
2.430243024302430e-01  9.901999909724282e-01  -8.029395948014353e-02
2.460246024602460e-01  9.899576245757952e-01  -8.126737230154155e-02
2.490249024902490e-01  9.897123386267986e-01  -8.224013180811318e-02
2.520252025202520e-01  9.894641350971102e-01  -8.321223030558507e-02
2.550255025502550e-01  9.892130159814692e-01  -8.418366010949017e-02
2.580258025802580e-01  9.889589832976592e-01  -8.515441354532317e-02
2.610261026102610e-01  9.887020390864866e-01  -8.612448294871919e-02
2.640264026402640e-01  9.884421854117621e-01  -8.709386066566013e-02
2.670267026702670e-01  9.881794243602747e-01  -8.806253905261820e-02
2.700270027002700e-01  9.879137580416457e-01  -8.903051047578737e-02
2.730273027302730e-01  9.876451885884133e-01  -8.999776731205103e-02
2.760276027602760e-01  9.873737181559787e-01  -9.096430194896341e-02
2.790279027902790e-01  9.870993489225588e-01  -9.193010678474180e-02
2.820282028202820e-01  9.868220830891594e-01  -9.289517422840846e-02
2.850285028502850e-01  9.865419228795460e-01  -9.385949669992193e-02
2.880288028802880e-01  9.862588705402131e-01  -9.482306663029927e-02
2.910291029102910e-01  9.859729283403516e-01  -9.578587646173053e-02
2.940294029402940e-01  9.856840985718150e-01  -9.674791864768673e-02
2.970297029702970e-01  9.853923835490849e-01  -9.770918565302303e-02
3.000300030003000e-01  9.850977856092347e-01  -9.866966995407835e-02
3.030303030303030e-01  9.848003071118935e-01  -9.962936403877275e-02
3.060306030603060e-01  9.844999504392097e-01  -1.005882604067042e-01
3.090309030903090e-01  9.841967179958132e-01  -1.015463515692460e-01
3.120312031203120e-01  9.838906122087795e-01  -1.025036300496461e-01
3.150315031503150e-01  9.835816355275924e-01  -1.034600883831302e-01
3.180318031803180e-01  9.832697904241084e-01  -1.044157191170096e-01
3.210321032103210e-01  9.829550793925212e-01  -1.053705148107953e-01
3.240324032403240e-01  9.826375049493278e-01  -1.063244680363199e-01
3.270327032703270e-01  9.823170696332948e-01  -1.072775713778683e-01
3.300330033003300e-01  9.819937760054279e-01  -1.082298174323197e-01
3.330333033303330e-01  9.816676266489410e-01  -1.091811988093007e-01
3.360336033603360e-01  9.813386241692291e-01  -1.101317081313521e-01
3.390339033903390e-01  9.810067711938423e-01  -1.110813380341100e-01
3.420342034203420e-01  9.806720703723368e-01  -1.120300811657648e-01
3.450345034503450e-01  9.803345243762437e-01  -1.129779301871714e-01
3.480348034803480e-01  9.799941358991705e-01  -1.139248777728117e-01
3.510351035103510e-01  9.796509076566712e-01  -1.148709166103831e-01
3.540354035403540e-01  9.793048423862107e-01  -1.158160394009261e-01
3.570357035703570e-01  9.789559428471299e-01  -1.167602388589472e-01
3.600360036003600e-01  9.786042118206074e-01  -1.177035077125363e-01
3.630363036303630e-01  9.782496521096206e-01  -1.186458387034794e-01
3.660366036603660e-01  9.778922665389066e-01  -1.195872245873674e-01
3.690369036903690e-01  9.775320579549207e-01  -1.205276581337002e-01
3.720372037203720e-01  9.771690292257947e-01  -1.214671321259886e-01
3.750375037503750e-01  9.768031832412947e-01  -1.224056393618532e-01
3.780378037803780e-01  9.764345229127768e-01  -1.233431726531210e-01
3.810381038103810e-01  9.760630511731443e-01  -1.242797248259207e-01
3.840384038403840e-01  9.756887709768024e-01  -1.252152887207761e-01
3.870387038703870e-01  9.753116852996141e-01  -1.261498571926994e-01
3.900390039003900e-01  9.749317971388548e-01  -1.270834231112850e-01
3.930393039303930e-01  9.745491095131674e-01  -1.280159793608019e-01
3.960396039603960e-01  9.741636254625168e-01  -1.289475188402892e-01
3.990399039903990e-01  9.737753480481450e-01  -1.298780344636510e-01
4.020402040204020e-01  9.733842803525262e-01  -1.308075191597545e-01
4.050405040504050e-01  9.729904254793222e-01  -1.317359658725303e-01
4.080408040804080e-01  9.725937865533381e-01  -1.326633675610753e-01
4.110411041104110e-01  9.721943667204783e-01  -1.335897171997593e-01
4.140414041404140e-01  9.717921691477044e-01  -1.345150077783356e-01
4.170417041704170e-01  9.713871970229918e-01  -1.354392323020559e-01
4.200420042004200e-01  9.709794535552889e-01  -1.363623837917902e-01
4.230423042304230e-01  9.705689419744764e-01  -1.372844552841529e-01
4.260426042604260e-01  9.701556655313279e-01  -1.382054398316334e-01
4.290429042904290e-01  9.697396274974718e-01  -1.391253305027352e-01
4.320432043204320e-01  9.693208311653535e-01  -1.400441203821179e-01
4.350435043504350e-01  9.688992798479862e-01  -1.409618025697752e-01
4.380438043804380e-01  9.684749768790195e-01  -1.418783701816214e-01
4.410441044104410e-01  9.680479256128451e-01  -1.427938163503165e-01
4.440444044404440e-01  9.676181294244202e-01  -1.437081342247965e-01
4.470447044704470e-01  9.671855917092227e-01  -1.446213169703822e-01
4.500450045004500e-01  9.667503158832060e-01  -1.455333577688853e-01
4.530453045304530e-01  9.663123053827520e-01  -1.464442498187112e-01
4.560456045604560e-01  9.658715636646236e-01  -1.473539863349599e-01
4.590459045904590e-01  9.654280942059161e-01  -1.482625605495237e-01
4.620462046204620e-01  9.649819005040084e-01  -1.491699657111829e-01
4.650465046504650e-01  9.645329860765128e-01  -1.500761950856997e-01
4.680468046804680e-01  9.640813544612242e-01  -1.509812419559102e-01
4.710471047104710e-01  9.636270092160694e-01  -1.518850996218138e-01
4.740474047404740e-01  9.631699539190544e-01  -1.527877614006626e-01
4.770477047704770e-01  9.627101921682127e-01  -1.536892206270478e-01
4.800480048004800e-01  9.622477275815524e-01  -1.545894706529866e-01
4.830483048304830e-01  9.617825637970026e-01  -1.554885048480065e-01
4.860486048604860e-01  9.613147044723593e-01  -1.563863165992304e-01
4.890489048904890e-01  9.608441532852330e-01  -1.572828993114598e-01
4.920492049204920e-01  9.603709139329927e-01  -1.581782464072583e-01
4.950495049504950e-01  9.598949901327123e-01  -1.590723513270347e-01
4.980498049804980e-01  9.594163856211161e-01  -1.599652075291261e-01
5.010501050105011e-01  9.589351041545235e-01  -1.608568084898809e-01
5.040504050405040e-01  9.584511495087948e-01  -1.617471477037425e-01
5.070507050705070e-01  9.579645254792762e-01  -1.626362186833334e-01
5.100510051005100e-01  9.574752358807448e-01  -1.635240149595397e-01
5.130513051305130e-01  9.569832845473543e-01  -1.644105300815967e-01
5.160516051605161e-01  9.564886753325804e-01  -1.652957576171760e-01
5.190519051905190e-01  9.559914121091669e-01  -1.661796911524728e-01
5.220522052205220e-01  9.554914987690710e-01  -1.670623242922958e-01
5.250525052505250e-01  9.549889392234102e-01  -1.679436506601578e-01
5.280528052805280e-01  9.544837374024089e-01  -1.688236638983689e-01
5.310531053105311e-01  9.539758972553452e-01  -1.697023576681309e-01
5.340534053405340e-01  9.534654227504986e-01  -1.705797256496343e-01
5.370537053705370e-01  9.529523178750988e-01  -1.714557615421579e-01
5.400540054005400e-01  9.524365866352733e-01  -1.723304590641702e-01
5.430543054305430e-01  9.519182330559974e-01  -1.732038119534347e-01
5.460546054605461e-01  9.513972611810442e-01  -1.740758139671165e-01
5.490549054905490e-01  9.508736750729350e-01  -1.749464588818938e-01
5.520552055205520e-01  9.503474788126122e-01  -1.758157404930986e-01
5.550555055505551e-01  9.498186764995036e-01  -1.766836526151824e-01
5.580558055805580e-01  9.492872722517766e-01  -1.775501890829105e-01
5.610561056105611e-01  9.487532702060513e-01  -1.784153437506656e-01
5.640564056405640e-01  9.482166745173453e-01  -1.792791104925349e-01
5.670567056705670e-01  9.476774893590170e-01  -1.801414832023958e-01
5.700570057005701e-01  9.471357189227091e-01  -1.810024557939998e-01
5.730573057305730e-01  9.465913674182913e-01  -1.818620222010549e-01
5.760576057605760e-01  9.460444390738024e-01  -1.827201763773071e-01
5.790579057905790e-01  9.454949381353910e-01  -1.835769122966192e-01
5.820582058205820e-01  9.449428688672570e-01  -1.844322239530496e-01
5.850585058505851e-01  9.443882355515917e-01  -1.852861053609288e-01
5.880588058805880e-01  9.438310424885173e-01  -1.861385505549353e-01
5.910591059105910e-01  9.432712939960269e-01  -1.869895535901699e-01
5.940594059405940e-01  9.427089944099226e-01  -1.878391085422295e-01
5.970597059705970e-01  9.421441480837541e-01  -1.886872095072788e-01
6.000600060006001e-01  9.415767593887571e-01  -1.895338506021226e-01
6.030603060306030e-01  9.410068327137906e-01  -1.903790259642754e-01
6.060606060606060e-01  9.404343724652742e-01  -1.912227297520319e-01
6.090609060906090e-01  9.398593830671252e-01  -1.920649561445355e-01
6.120612061206120e-01  9.392818689606953e-01  -1.929056993418464e-01
6.150615061506151e-01  9.387018346047067e-01  -1.937449535650095e-01
6.180618061806180e-01  9.381192844751884e-01  -1.945827130561215e-01
6.210621062106210e-01  9.375342230654125e-01  -1.954189720783971e-01
6.240624062406240e-01  9.369466548858292e-01  -1.962537249162353e-01
6.270627062706270e-01  9.363565844640028e-01  -1.970869658752850e-01
6.300630063006301e-01  9.357640163445474e-01  -1.979186892825109e-01
6.330633063306330e-01  9.351689550890615e-01  -1.987488894862578e-01
6.360636063606360e-01  9.345714052760634e-01  -1.995775608563166e-01
6.390639063906390e-01  9.339713715009269e-01  -2.004046977839888e-01
6.420642064206420e-01  9.333688583758158e-01  -2.012302946821509e-01
6.450645064506451e-01  9.327638705296191e-01  -2.020543459853205e-01
6.480648064806480e-01  9.321564126078860e-01  -2.028768461497201e-01
6.510651065106510e-01  9.315464892727615e-01  -2.036977896533432e-01
6.540654065406540e-01  9.309341052029211e-01  -2.045171709960192e-01
6.570657065706570e-01  9.303192650935062e-01  -2.053349846994791e-01
6.600660066006601e-01  9.297019736560596e-01  -2.061512253074221e-01
6.630663066306630e-01  9.290822356184610e-01  -2.069658873855815e-01
6.660666066606660e-01  9.284600557248628e-01  -2.077789655217919e-01
6.690669066906690e-01  9.278354387356256e-01  -2.085904543260570e-01
6.720672067206720e-01  9.272083894272546e-01  -2.094003484306173e-01
6.750675067506751e-01  9.265789125923364e-01  -2.102086424900195e-01
6.780678067806780e-01  9.259470130394746e-01  -2.110153311811858e-01
6.810681068106810e-01  9.253126955932278e-01  -2.118204092034844e-01
6.840684068406840e-01  9.246759650940460e-01  -2.126238712788011e-01
6.870687068706870e-01  9.240368263982088e-01  -2.134257121516111e-01
6.900690069006901e-01  9.233952843777631e-01  -2.142259265890531e-01
6.930693069306930e-01  9.227513439204613e-01  -2.150245093810028e-01
6.960696069606960e-01  9.221050099297006e-01  -2.158214553401495e-01
6.990699069906990e-01  9.214562873242738e-01  -2.166167593015799e-01
7.020702070207020e-01  9.208051810379722e-01  -2.174104161219383e-01
7.050705070507051e-01  9.201516960204156e-01  -2.182024206818399e-01
7.080708070807080e-01  9.194958372365716e-01  -2.189927678848784e-01
7.110711071107110e-01  9.188376096666492e-01  -2.197814526575834e-01
7.140714071407140e-01  9.181770183060327e-01  -2.205684699494801e-01
7.170717071707170e-01  9.175140681652152e-01  -2.213538147331482e-01
7.200720072007201e-01  9.168487642697317e-01  -2.221374820042802e-01
7.230723072307230e-01  9.161811116600913e-01  -2.229194667817382e-01
7.260726072607260e-01  9.155111153917102e-01  -2.236997641076096e-01
7.290729072907290e-01  9.148387805348420e-01  -2.244783690472623e-01
7.320732073207320e-01  9.141641121745111e-01  -2.252552766893986e-01
7.350735073507351e-01  9.134871154104420e-01  -2.260304821461083e-01
7.380738073807380e-01  9.128077953569910e-01  -2.268039805529208e-01
7.410741074107410e-01  9.121261571430760e-01  -2.275757670688565e-01
7.440744074407440e-01  9.114422059121069e-01  -2.283458368764772e-01
7.470747074707470e-01  9.107559468219151e-01  -2.291141851819355e-01
7.500750075007501e-01  9.100673850446830e-01  -2.298808072150240e-01
7.530753075307530e-01  9.093765257668732e-01  -2.306456982292229e-01
7.560756075607560e-01  9.086833741891572e-01  -2.314088535017476e-01
7.590759075907590e-01  9.079879355263440e-01  -2.321702683335951e-01
7.620762076207620e-01  9.072902150073089e-01  -2.329299380495896e-01
7.650765076507651e-01  9.065902178749208e-01  -2.336878579984281e-01
7.680768076807680e-01  9.058879493859709e-01  -2.344440235527244e-01
7.710771077107710e-01  9.051834148111000e-01  -2.351984301090532e-01
7.740774077407740e-01  9.044766194347260e-01  -2.359510730879935e-01
7.770777077707770e-01  9.037675685549718e-01  -2.367019479341705e-01
7.800780078007801e-01  9.030562674835914e-01  -2.374510501162987e-01
7.830783078307830e-01  9.023427215458980e-01  -2.381983751272226e-01
7.860786078607860e-01  9.016269360806904e-01  -2.389439184839582e-01
7.890789078907890e-01  9.009089164401799e-01  -2.396876757277331e-01
7.920792079207920e-01  9.001886679899167e-01  -2.404296424240271e-01
7.950795079507951e-01  8.994661961087167e-01  -2.411698141626114e-01
7.980798079807980e-01  8.987415061885881e-01  -2.419081865575878e-01
8.010801080108010e-01  8.980146036346575e-01  -2.426447552474278e-01
8.040804080408041e-01  8.972854938650965e-01  -2.433795158950108e-01
8.070807080708070e-01  8.965541823110481e-01  -2.441124641876620e-01
8.100810081008101e-01  8.958206744165526e-01  -2.448435958371908e-01
8.130813081308130e-01  8.950849756384740e-01  -2.455729065799275e-01
8.160816081608160e-01  8.943470914464269e-01  -2.463003921767610e-01
8.190819081908191e-01  8.936070273227017e-01  -2.470260484131756e-01
8.220822082208220e-01  8.928647887621918e-01  -2.477498710992876e-01
8.250825082508251e-01  8.921203812723196e-01  -2.484718560698820e-01
8.280828082808280e-01  8.913738103729628e-01  -2.491919991844486e-01
8.310831083108310e-01  8.906250815963813e-01  -2.499102963272184e-01
8.340834083408341e-01  8.898742004871431e-01  -2.506267434071996e-01
8.370837083708370e-01  8.891211726020514e-01  -2.513413363582134e-01
8.400840084008401e-01  8.883660035100714e-01  -2.520540711389302e-01
8.430843084308430e-01  8.876086987922570e-01  -2.527649437329049e-01
8.460846084608460e-01  8.868492640416777e-01  -2.534739501486132e-01
8.490849084908491e-01  8.860877048633459e-01  -2.541810864194870e-01
8.520852085208520e-01  8.853240268741442e-01  -2.548863486039504e-01
8.550855085508551e-01  8.845582357027528e-01  -2.555897327854554e-01
8.580858085808580e-01  8.837903369895774e-01  -2.562912350725178e-01
8.610861086108610e-01  8.830203363866769e-01  -2.569908515987533e-01
8.640864086408641e-01  8.822482395576910e-01  -2.576885785229136e-01
8.670867086708670e-01  8.814740521777699e-01  -2.583844120289223e-01
8.700870087008701e-01  8.806977799335011e-01  -2.590783483259115e-01
8.730873087308730e-01  8.799194285228396e-01  -2.597703836482587e-01
8.760876087608760e-01  8.791390036550363e-01  -2.604605142556229e-01
8.790879087908791e-01  8.783565110505674e-01  -2.611487364329824e-01
8.820882088208820e-01  8.775719564410646e-01  -2.618350464906712e-01
8.850885088508851e-01  8.767853455692437e-01  -2.625194407644171e-01
8.880888088808880e-01  8.759966841881132e-01  -2.632019156139919e-01
8.910891089108910e-01  8.752059780614642e-01  -2.638824674242690e-01
8.940894089408941e-01  8.744132329644655e-01  -2.645610926065671e-01
8.970897089708970e-01  8.736184546829943e-01  -2.652377875975606e-01
9.000900090009001e-01  8.728216490135621e-01  -2.659125488593073e-01
9.030903090309030e-01  8.720228217632416e-01  -2.665853728792751e-01
9.060906090609060e-01  8.712219787495930e-01  -2.672562561703685e-01
9.090909090909091e-01  8.704191258005889e-01  -2.679251952709532e-01
9.120912091209120e-01  8.696142687545412e-01  -2.685921867448811e-01
9.150915091509151e-01  8.688074134600253e-01  -2.692572271815134e-01
9.180918091809180e-01  8.679985657758065e-01  -2.699203131957442e-01
9.210921092109210e-01  8.671877315707635e-01  -2.705814414280220e-01
9.240924092409241e-01  8.663749167238143e-01  -2.712406085443717e-01
9.270927092709270e-01  8.655601271238400e-01  -2.718978112364148e-01
9.300930093009301e-01  8.647433686696092e-01  -2.725530462213898e-01
9.330933093309330e-01  8.639246472697024e-01  -2.732063102421713e-01
9.360936093609360e-01  8.631039688424355e-01  -2.738576000672885e-01
9.390939093909391e-01  8.622813393157834e-01  -2.745069124909431e-01
9.420942094209420e-01  8.614567646273043e-01  -2.751542443330264e-01
9.450945094509451e-01  8.606302507240619e-01  -2.757995924391363e-01
9.480948094809480e-01  8.598018035625499e-01  -2.764429536805923e-01
9.510951095109510e-01  8.589714291086138e-01  -2.770843249544516e-01
9.540954095409541e-01  8.581391333373749e-01  -2.777237031835231e-01
9.570957095709570e-01  8.573049222331526e-01  -2.783610853163815e-01
9.600960096009601e-01  8.564688017893864e-01  -2.789964683273806e-01
9.630963096309630e-01  8.556307780085602e-01  -2.796298492166661e-01
9.660966096609660e-01  8.547908569021226e-01  -2.802612250101876e-01
9.690969096909691e-01  8.539490444904108e-01  -2.808905927597099e-01
9.720972097209720e-01  8.531053468025721e-01  -2.815179495428243e-01
9.750975097509750e-01  8.522597698764863e-01  -2.821432924629589e-01
9.780978097809780e-01  8.514123197586876e-01  -2.827666186493881e-01
9.810981098109810e-01  8.505630025042865e-01  -2.833879252572420e-01
9.840984098409841e-01  8.497118241768922e-01  -2.840072094675152e-01
9.870987098709870e-01  8.488587908485339e-01  -2.846244684870746e-01
9.900990099009900e-01  8.480039085995829e-01  -2.852396995486677e-01
9.930993099309930e-01  8.471471835186741e-01  -2.858528999109290e-01
9.960996099609960e-01  8.462886217026286e-01  -2.864640668583870e-01
9.990999099909991e-01  8.454282292563741e-01  -2.870731977014703e-01
1.002100210021002e+00  8.445660122928675e-01  -2.876802897765133e-01
1.005100510051005e+00  8.437019769330166e-01  -2.882853404457609e-01
1.008100810081008e+00  8.428361293056014e-01  -2.888883470973740e-01
1.011101110111011e+00  8.419684755471954e-01  -2.894893071454333e-01
1.014101410141014e+00  8.410990218020890e-01  -2.900882180299427e-01
1.017101710171017e+00  8.402277742222088e-01  -2.906850772168336e-01
1.020102010201020e+00  8.393547389670418e-01  -2.912798821979671e-01
1.023102310231023e+00  8.384799222035552e-01  -2.918726304911369e-01
1.026102610261026e+00  8.376033301061192e-01  -2.924633196400714e-01
1.029102910291029e+00  8.367249688564291e-01  -2.930519472144352e-01
1.032103210321032e+00  8.358448446434265e-01  -2.936385108098307e-01
1.035103510351035e+00  8.349629636632221e-01  -2.942230080477991e-01
1.038103810381038e+00  8.340793321190172e-01  -2.948054365758206e-01
1.041104110411041e+00  8.331939562210260e-01  -2.953857940673156e-01
1.044104410441044e+00  8.323068421863982e-01  -2.959640782216433e-01
1.047104710471047e+00  8.314179962391409e-01  -2.965402867641025e-01
1.050105010501050e+00  8.305274246100416e-01  -2.971144174459301e-01
1.053105310531053e+00  8.296351335365904e-01  -2.976864680443003e-01
1.056105610561056e+00  8.287411292629027e-01  -2.982564363623233e-01
1.059105910591059e+00  8.278454180396422e-01  -2.988243202290434e-01
1.062106210621062e+00  8.269480061239440e-01  -2.993901174994373e-01
1.065106510651065e+00  8.260488997793376e-01  -2.999538260544119e-01
1.068106810681068e+00  8.251481052756701e-01  -3.005154438008015e-01
1.071107110711071e+00  8.242456288890295e-01  -3.010749686713655e-01
1.074107410741074e+00  8.233414769016690e-01  -3.016323986247850e-01
1.077107710771077e+00  8.224356556019301e-01  -3.021877316456599e-01
1.080108010801080e+00  8.215281712841667e-01  -3.027409657445052e-01
1.083108310831083e+00  8.206190302486697e-01  -3.032920989577474e-01
1.086108610861086e+00  8.197082388015907e-01  -3.038411293477208e-01
1.089108910891089e+00  8.187958032548673e-01  -3.043880550026634e-01
1.092109210921092e+00  8.178817299261474e-01  -3.049328740367124e-01
1.095109510951095e+00  8.169660251387144e-01  -3.054755845899000e-01
1.098109810981098e+00  8.160486952214123e-01  -3.060161848281487e-01
1.101110111011101e+00  8.151297465085716e-01  -3.065546729432666e-01
1.104110411041104e+00  8.142091853399347e-01  -3.070910471529426e-01
1.107110711071107e+00  8.132870180605818e-01  -3.076253057007412e-01
1.110111011101110e+00  8.123632510208575e-01  -3.081574468560973e-01
1.113111311131113e+00  8.114378905762971e-01  -3.086874689143110e-01
1.116111611161116e+00  8.105109430875538e-01  -3.092153701965425e-01
1.119111911191119e+00  8.095824149203250e-01  -3.097411490498062e-01
1.122112211221122e+00  8.086523124452806e-01  -3.102648038469651e-01
1.125112511251125e+00  8.077206420379901e-01  -3.107863329867256e-01
1.128112811281128e+00  8.067874100788509e-01  -3.113057348936316e-01
1.131113111311131e+00  8.058526229528761e-01  -3.118230080178744e-01
1.134113411341134e+00  8.049162870477327e-01  -3.123381508327819e-01
1.137113711371137e+00  8.039784087568084e-01  -3.128511618388753e-01
1.140114011401140e+00  8.030389944785744e-01  -3.133620395631875e-01
1.143114311431143e+00  8.020980506158478e-01  -3.138707825583917e-01
1.146114611461146e+00  8.011555835757185e-01  -3.143773894027895e-01
1.149114911491149e+00  8.002115997694746e-01  -3.148818587002981e-01
1.152115211521152e+00  7.992661056125294e-01  -3.153841890804364e-01
1.155115511551155e+00  7.983191075243470e-01  -3.158843791983114e-01
1.158115811581158e+00  7.973706119283683e-01  -3.163824277346030e-01
1.161116111611161e+00  7.964206252519371e-01  -3.168783333955494e-01
1.164116411641164e+00  7.954691539262251e-01  -3.173720949129304e-01
1.167116711671167e+00  7.945162043861582e-01  -3.178637110440516e-01
1.170117011701170e+00  7.935617830703421e-01  -3.183531805717265e-01
1.173117311731173e+00  7.926058964209871e-01  -3.188405023042596e-01
1.176117611761176e+00  7.916485508838341e-01  -3.193256750754276e-01
1.179117911791179e+00  7.906897529080797e-01  -3.198086977444606e-01
1.182118211821182e+00  7.897295089463012e-01  -3.202895691960231e-01
1.185118511851185e+00  7.887678254543821e-01  -3.207682883401936e-01
1.188118811881188e+00  7.878047088914371e-01  -3.212448541124436e-01
1.191119111911191e+00  7.868401657197369e-01  -3.217192654736178e-01
1.194119411941194e+00  7.858742024046339e-01  -3.221915214099113e-01
1.197119711971197e+00  7.849068254144862e-01  -3.226616209328476e-01
1.200120012001200e+00  7.839380412205832e-01  -3.231295630792564e-01
1.203120312031203e+00  7.829678562970704e-01  -3.235953469112496e-01
1.206120612061206e+00  7.819962771208741e-01  -3.240589715161981e-01
1.209120912091209e+00  7.810233101716260e-01  -3.245204360067070e-01
1.212121212121212e+00  7.800489619315887e-01  -3.249797395205912e-01
1.215121512151215e+00  7.790732388855797e-01  -3.254368812208498e-01
1.218121812181218e+00  7.780961475208968e-01  -3.258918602956402e-01
1.221122112211221e+00  7.771176943272429e-01  -3.263446759582518e-01
1.224122412241224e+00  7.761378857966498e-01  -3.267953274470792e-01
1.227122712271227e+00  7.751567284234043e-01  -3.272438140255950e-01
1.230123012301230e+00  7.741742287039722e-01  -3.276901349823217e-01
1.233123312331233e+00  7.731903931369235e-01  -3.281342896308035e-01
1.236123612361236e+00  7.722052282228569e-01  -3.285762773095775e-01
1.239123912391239e+00  7.712187404643246e-01  -3.290160973821445e-01
1.242124212421242e+00  7.702309363657579e-01  -3.294537492369396e-01
1.245124512451245e+00  7.692418224333911e-01  -3.298892322873013e-01
1.248124812481248e+00  7.682514051751874e-01  -3.303225459714417e-01
1.251125112511251e+00  7.672596911007632e-01  -3.307536897524149e-01
1.254125412541254e+00  7.662666867213137e-01  -3.311826631180858e-01
1.257125712571257e+00  7.652723985495374e-01  -3.316094655810979e-01
1.260126012601260e+00  7.642768330995618e-01  -3.320340966788414e-01
1.263126312631263e+00  7.632799968868688e-01  -3.324565559734199e-01
1.266126612661266e+00  7.622818964282191e-01  -3.328768430516177e-01
1.269126912691269e+00  7.612825382415784e-01  -3.332949575248655e-01
1.272127212721272e+00  7.602819288460428e-01  -3.337108990292074e-01
1.275127512751275e+00  7.592800747617640e-01  -3.341246672252655e-01
1.278127812781278e+00  7.582769825098749e-01  -3.345362617982056e-01
1.281128112811281e+00  7.572726586124158e-01  -3.349456824577020e-01
1.284128412841284e+00  7.562671095922598e-01  -3.353529289379018e-01
1.287128712871287e+00  7.552603419730393e-01  -3.357580009973889e-01
1.290129012901290e+00  7.542523622790709e-01  -3.361608984191478e-01
1.293129312931293e+00  7.532431770352831e-01  -3.365616210105267e-01
1.296129612961296e+00  7.522327927671412e-01  -3.369601686032008e-01
1.299129912991299e+00  7.512212160005746e-01  -3.373565410531343e-01
1.302130213021302e+00  7.502084532619028e-01  -3.377507382405433e-01
1.305130513051305e+00  7.491945110777625e-01  -3.381427600698571e-01
1.308130813081308e+00  7.481793959750341e-01  -3.385326064696800e-01
1.311131113111311e+00  7.471631144807690e-01  -3.389202773927526e-01
1.314131413141314e+00  7.461456731221160e-01  -3.393057728159125e-01
1.317131713171317e+00  7.451270784262495e-01  -3.396890927400548e-01
1.320132013201320e+00  7.441073369202960e-01  -3.400702371900927e-01
1.323132313231323e+00  7.430864551312625e-01  -3.404492062149167e-01
1.326132613261326e+00  7.420644395859638e-01  -3.408259998873552e-01
1.329132913291329e+00  7.410412968109503e-01  -3.412006183041330e-01
1.332133213321332e+00  7.400170333324366e-01  -3.415730615858305e-01
1.335133513351335e+00  7.389916556762293e-01  -3.419433298768426e-01
1.338133813381338e+00  7.379651703676556e-01  -3.423114233453372e-01
1.341134113411341e+00  7.369375839314924e-01  -3.426773421832131e-01
1.344134413441344e+00  7.359089028918948e-01  -3.430410866060577e-01
1.347134713471347e+00  7.348791337723247e-01  -3.434026568531053e-01
1.350135013501350e+00  7.338482830954812e-01  -3.437620531871940e-01
1.353135313531353e+00  7.328163573832294e-01  -3.441192758947226e-01
1.356135613561356e+00  7.317833631565299e-01  -3.444743252856077e-01
1.359135913591359e+00  7.307493069353695e-01  -3.448272016932406e-01
1.362136213621362e+00  7.297141952386906e-01  -3.451779054744429e-01
1.365136513651365e+00  7.286780345843223e-01  -3.455264370094234e-01
1.368136813681368e+00  7.276408314889106e-01  -3.458727967017332e-01
1.371137113711371e+00  7.266025924678493e-01  -3.462169849782221e-01
1.374137413741374e+00  7.255633240352114e-01  -3.465590022889936e-01
1.377137713771377e+00  7.245230327036803e-01  -3.468988491073603e-01
1.380138013801380e+00  7.234817249844816e-01  -3.472365259297987e-01
1.383138313831383e+00  7.224394073873148e-01  -3.475720332759043e-01
1.386138613861386e+00  7.213960864202860e-01  -3.479053716883460e-01
1.389138913891389e+00  7.203517685898395e-01  -3.482365417328206e-01
1.392139213921392e+00  7.193064604006913e-01  -3.485655439980073e-01
1.395139513951395e+00  7.182601683557619e-01  -3.488923790955210e-01
1.398139813981398e+00  7.172128989561097e-01  -3.492170476598670e-01
1.401140114011401e+00  7.161646587008643e-01  -3.495395503483943e-01
1.404140414041404e+00  7.151154540871607e-01  -3.498598878412495e-01
1.407140714071407e+00  7.140652916100736e-01  -3.501780608413294e-01
1.410141014101410e+00  7.130141777625514e-01  -3.504940700742352e-01
1.413141314131413e+00  7.119621190353518e-01  -3.508079162882248e-01
1.416141614161416e+00  7.109091219169765e-01  -3.511196002541664e-01
1.419141914191419e+00  7.098551928936065e-01  -3.514291227654908e-01
1.422142214221422e+00  7.088003384490386e-01  -3.517364846381442e-01
1.425142514251425e+00  7.077445650646205e-01  -3.520416867105409e-01
1.428142814281428e+00  7.066878792191884e-01  -3.523447298435157e-01
1.431143114311431e+00  7.056302873890035e-01  -3.526456149202759e-01
1.434143414341434e+00  7.045717960476883e-01  -3.529443428463541e-01
1.437143714371437e+00  7.035124116661654e-01  -3.532409145495596e-01
1.440144014401440e+00  7.024521407125945e-01  -3.535353309799309e-01
1.443144314431443e+00  7.013909896523116e-01  -3.538275931096875e-01
1.446144614461446e+00  7.003289649477663e-01  -3.541177019331815e-01
1.449144914491449e+00  6.992660730584618e-01  -3.544056584668497e-01
1.452145214521452e+00  6.982023204408939e-01  -3.546914637491650e-01
1.455145514551455e+00  6.971377135484912e-01  -3.549751188405880e-01
1.458145814581458e+00  6.960722588315544e-01  -3.552566248235185e-01
1.461146114611461e+00  6.950059627371979e-01  -3.555359828022472e-01
1.464146414641464e+00  6.939388317092898e-01  -3.558131939029069e-01
1.467146714671467e+00  6.928708721883936e-01  -3.560882592734240e-01
1.470147014701470e+00  6.918020906117102e-01  -3.563611800834694e-01
1.473147314731473e+00  6.907324934097013e-01  -3.566319575213426e-01
1.476147614761476e+00  6.896620870077107e-01  -3.569005927954613e-01
1.479147914791479e+00  6.885908778311357e-01  -3.571670871391477e-01
1.482148214821482e+00  6.875188723016336e-01  -3.574314418071302e-01
1.485148514851485e+00  6.864460768370455e-01  -3.576936580754768e-01
1.488148814881488e+00  6.853724978513355e-01  -3.579537372415401e-01
1.491149114911491e+00  6.842981417545271e-01  -3.582116806239025e-01
1.494149414941494e+00  6.832230149526424e-01  -3.584674895623198e-01
1.497149714971497e+00  6.821471238476393e-01  -3.587211654176659e-01
1.500150015001500e+00  6.810704748373505e-01  -3.589727095718762e-01
1.503150315031503e+00  6.799930743154211e-01  -3.592221234278909e-01
1.506150615061506e+00  6.789149286712474e-01  -3.594694084095983e-01
1.509150915091509e+00  6.778360442899147e-01  -3.597145659617771e-01
1.512151215121512e+00  6.767564275521371e-01  -3.599575975500393e-01
1.515151515151515e+00  6.756760848341944e-01  -3.601985046607717e-01
1.518151815181518e+00  6.745950225078728e-01  -3.604372888010782e-01
1.521152115211521e+00  6.735132469404023e-01  -3.606739514987206e-01
1.524152415241524e+00  6.724307644943960e-01  -3.609084943020604e-01
1.527152715271527e+00  6.713475815277898e-01  -3.611409187799993e-01
1.530153015301530e+00  6.702637043937810e-01  -3.613712265219197e-01
1.533153315331533e+00  6.691791394407679e-01  -3.615994191376249e-01
1.536153615361536e+00  6.680938930122891e-01  -3.618254982572793e-01
1.539153915391539e+00  6.670079714469628e-01  -3.620494655313479e-01
1.542154215421542e+00  6.659213810784274e-01  -3.622713226305354e-01
1.545154515451545e+00  6.648341282352801e-01  -3.624910712457259e-01
1.548154815481548e+00  6.637462192410181e-01  -3.627087130879211e-01
1.551155115511551e+00  6.626576604139774e-01  -3.629242498881792e-01
1.554155415541554e+00  6.615684580672743e-01  -3.631376833975530e-01
1.557155715571557e+00  6.604786185087443e-01  -3.633490153870282e-01
1.560156015601560e+00  6.593881480408842e-01  -3.635582476474608e-01
1.563156315631563e+00  6.582970529607913e-01  -3.637653819895144e-01
1.566156615661566e+00  6.572053395601052e-01  -3.639704202435983e-01
1.569156915691569e+00  6.561130141249480e-01  -3.641733642598035e-01
1.572157215721572e+00  6.550200829358661e-01  -3.643742159078400e-01
1.575157515751575e+00  6.539265522677703e-01  -3.645729770769732e-01
1.578157815781578e+00  6.528324283898786e-01  -3.647696496759600e-01
1.581158115811581e+00  6.517377175656567e-01  -3.649642356329850e-01
1.584158415841584e+00  6.506424260527598e-01  -3.651567368955961e-01
1.587158715871587e+00  6.495465601029751e-01  -3.653471554306404e-01
1.590159015901590e+00  6.484501259621629e-01  -3.655354932241991e-01
1.593159315931593e+00  6.473531298701998e-01  -3.657217522815228e-01
1.596159615961596e+00  6.462555780609199e-01  -3.659059346269664e-01
1.599159915991599e+00  6.451574767620585e-01  -3.660880423039241e-01
1.602160216021602e+00  6.440588321951939e-01  -3.662680773747631e-01
1.605160516051605e+00  6.429596505756905e-01  -3.664460419207589e-01
1.608160816081608e+00  6.418599381126425e-01  -3.666219380420283e-01
1.611161116111611e+00  6.407597010088161e-01  -3.667957678574640e-01
1.614161416141614e+00  6.396589454605937e-01  -3.669675335046683e-01
1.617161716171617e+00  6.385576776579170e-01  -3.671372371398861e-01
1.620162016201620e+00  6.374559037842313e-01  -3.673048809379384e-01
1.623162316231623e+00  6.363536300164292e-01  -3.674704670921557e-01
1.626162616261626e+00  6.352508625247947e-01  -3.676339978143107e-01
1.629162916291629e+00  6.341476074729475e-01  -3.677954753345510e-01
1.632163216321632e+00  6.330438710177883e-01  -3.679549019013318e-01
1.635163516351635e+00  6.319396593094424e-01  -3.681122797813485e-01
1.638163816381638e+00  6.308349784912060e-01  -3.682676112594686e-01
1.641164116411641e+00  6.297298346994902e-01  -3.684208986386640e-01
1.644164416441644e+00  6.286242340637670e-01  -3.685721442399430e-01
1.647164716471647e+00  6.275181827065153e-01  -3.687213504022821e-01
1.650165016501650e+00  6.264116867431655e-01  -3.688685194825575e-01
1.653165316531653e+00  6.253047522820472e-01  -3.690136538554768e-01
1.656165616561656e+00  6.241973854243337e-01  -3.691567559135101e-01
1.659165916591659e+00  6.230895922639899e-01  -3.692978280668215e-01
1.662166216621662e+00  6.219813788877181e-01  -3.694368727432002e-01
1.665166516651665e+00  6.208727513749057e-01  -3.695738923879910e-01
1.668166816681668e+00  6.197637157975716e-01  -3.697088894640258e-01
1.671167116711671e+00  6.186542782203143e-01  -3.698418664515539e-01
1.674167416741674e+00  6.175444447002586e-01  -3.699728258481726e-01
1.677167716771677e+00  6.164342212870045e-01  -3.701017701687579e-01
1.680168016801680e+00  6.153236140225747e-01  -3.702287019453946e-01
1.683168316831683e+00  6.142126289413632e-01  -3.703536237273070e-01
1.686168616861686e+00  6.131012720700837e-01  -3.704765380807885e-01
1.689168916891689e+00  6.119895494277181e-01  -3.705974475891320e-01
1.692169216921692e+00  6.108774670254667e-01  -3.707163548525598e-01
1.695169516951695e+00  6.097650308666962e-01  -3.708332624881536e-01
1.698169816981698e+00  6.086522469468905e-01  -3.709481731297840e-01
1.701170117011701e+00  6.075391212535993e-01  -3.710610894280404e-01
1.704170417041704e+00  6.064256597663894e-01  -3.711720140501607e-01
1.707170717071707e+00  6.053118684567941e-01  -3.712809496799607e-01
1.710171017101710e+00  6.041977532882644e-01  -3.713878990177635e-01
1.713171317131713e+00  6.030833202161201e-01  -3.714928647803291e-01
1.716171617161716e+00  6.019685751875000e-01  -3.715958497007837e-01
1.719171917191719e+00  6.008535241413144e-01  -3.716968565285487e-01
1.722172217221722e+00  5.997381730081960e-01  -3.717958880292704e-01
1.725172517251725e+00  5.986225277104524e-01  -3.718929469847488e-01
1.728172817281728e+00  5.975065941620183e-01  -3.719880361928667e-01
1.731173117311731e+00  5.963903782684079e-01  -3.720811584675191e-01
1.734173417341734e+00  5.952738859266674e-01  -3.721723166385418e-01
1.737173717371737e+00  5.941571230253291e-01  -3.722615135516407e-01
1.740174017401740e+00  5.930400954443635e-01  -3.723487520683207e-01
1.743174317431743e+00  5.919228090551343e-01  -3.724340350658145e-01
1.746174617461746e+00  5.908052697203514e-01  -3.725173654370114e-01
1.749174917491749e+00  5.896874832940256e-01  -3.725987460903865e-01
1.752175217521752e+00  5.885694556214232e-01  -3.726781799499292e-01
1.755175517551755e+00  5.874511925390206e-01  -3.727556699550725e-01
1.758175817581758e+00  5.863326998744600e-01  -3.728312190606211e-01
1.761176117611761e+00  5.852139834465044e-01  -3.729048302366809e-01
1.764176417641764e+00  5.840950490649938e-01  -3.729765064685874e-01
1.767176717671767e+00  5.829759025308006e-01  -3.730462507568345e-01
1.770177017701770e+00  5.818565496357869e-01  -3.731140661170038e-01
1.773177317731773e+00  5.807369961627611e-01  -3.731799555796925e-01
1.776177617761776e+00  5.796172478854341e-01  -3.732439221904432e-01
1.779177917791779e+00  5.784973105683778e-01  -3.733059690096721e-01
1.782178217821782e+00  5.773771899669823e-01  -3.733660991125979e-01
1.785178517851785e+00  5.762568918274135e-01  -3.734243155891711e-01
1.788178817881788e+00  5.751364218865723e-01  -3.734806215440023e-01
1.791179117911791e+00  5.740157858720528e-01  -3.735350200962917e-01
1.794179417941794e+00  5.728949895021015e-01  -3.735875143797576e-01
1.797179717971797e+00  5.717740384855763e-01  -3.736381075425656e-01
1.800180018001800e+00  5.706529385219067e-01  -3.736868027472577e-01
1.803180318031803e+00  5.695316953010534e-01  -3.737336031706812e-01
1.806180618061806e+00  5.684103145034692e-01  -3.737785120039180e-01
1.809180918091809e+00  5.672888018000591e-01  -3.738215324522138e-01
1.812181218121812e+00  5.661671628521419e-01  -3.738626677349068e-01
1.815181518151815e+00  5.650454033114112e-01  -3.739019210853580e-01
1.818181818181818e+00  5.639235288198977e-01  -3.739392957508796e-01
1.821182118211821e+00  5.628015450099306e-01  -3.739747949926649e-01
1.824182418241824e+00  5.616794575041011e-01  -3.740084220857177e-01
1.827182718271827e+00  5.605572719146185e-01  -3.740401803182740e-01
1.830183018301830e+00  5.594349938407400e-01  -3.740700729896113e-01
1.833183318331833e+00  5.583126288742742e-01  -3.740981034146263e-01
1.836183618361836e+00  5.571901825975689e-01  -3.741242749220948e-01
1.839183918391839e+00  5.560676605829568e-01  -3.741485908541659e-01
1.842184218421842e+00  5.549450683927162e-01  -3.741710545662891e-01
1.845184518451845e+00  5.538224115790320e-01  -3.741916694271408e-01
1.848184818481848e+00  5.526996956839570e-01  -3.742104388185513e-01
1.851185118511851e+00  5.515769262393726e-01  -3.742273661354311e-01
1.854185418541854e+00  5.504541087669504e-01  -3.742424547856975e-01
1.857185718571857e+00  5.493312487781142e-01  -3.742557081902013e-01
1.860186018601860e+00  5.482083517740016e-01  -3.742671297826527e-01
1.863186318631863e+00  5.470854232454261e-01  -3.742767230095482e-01
1.866186618661866e+00  5.459624686728390e-01  -3.742844913300963e-01
1.869186918691869e+00  5.448394935262921e-01  -3.742904382161442e-01
1.872187218721872e+00  5.437165032654004e-01  -3.742945671521034e-01
1.875187518751875e+00  5.425935033393047e-01  -3.742968816348762e-01
1.878187818781878e+00  5.414704991866345e-01  -3.742973851737815e-01
1.881188118811881e+00  5.403474962354713e-01  -3.742960812904807e-01
1.884188418841884e+00  5.392244999033122e-01  -3.742929735189040e-01
1.887188718871887e+00  5.381015155970332e-01  -3.742880654051757e-01
1.890189018901890e+00  5.369785487128527e-01  -3.742813605075406e-01
1.893189318931893e+00  5.358556046362961e-01  -3.742728623962892e-01
1.896189618961896e+00  5.347326887421598e-01  -3.742625746536840e-01
1.899189918991899e+00  5.336098063944753e-01  -3.742505008738848e-01
1.902190219021902e+00  5.324869629464737e-01  -3.742366446628746e-01
1.905190519051905e+00  5.313641637405508e-01  -3.742210096383852e-01
1.908190819081908e+00  5.302414141082323e-01  -3.742035994298228e-01
1.911191119111911e+00  5.291187193701384e-01  -3.741844176781935e-01
1.914191419141914e+00  5.279960848359493e-01  -3.741634680360290e-01
1.917191719171917e+00  5.268735158043709e-01  -3.741407541673120e-01
1.920192019201920e+00  5.257510175631009e-01  -3.741162797474022e-01
1.923192319231923e+00  5.246285953887944e-01  -3.740900484629611e-01
1.926192619261926e+00  5.235062545470299e-01  -3.740620640118780e-01
1.929192919291929e+00  5.223840002922764e-01  -3.740323301031954e-01
1.932193219321932e+00  5.212618378678595e-01  -3.740008504570344e-01
1.935193519351935e+00  5.201397725059284e-01  -3.739676288045203e-01
1.938193819381938e+00  5.190178094274226e-01  -3.739326688877082e-01
1.941194119411941e+00  5.178959538420400e-01  -3.738959744595080e-01
1.944194419441944e+00  5.167742109482035e-01  -3.738575492836105e-01
1.947194719471947e+00  5.156525859330291e-01  -3.738173971344126e-01
1.950195019501950e+00  5.145310839722934e-01  -3.737755217969429e-01
1.953195319531953e+00  5.134097102304024e-01  -3.737319270667871e-01
1.956195619561956e+00  5.122884698603593e-01  -3.736866167500136e-01
1.959195919591959e+00  5.111673680037329e-01  -3.736395946630992e-01
1.962196219621962e+00  5.100464097906267e-01  -3.735908646328545e-01
1.965196519651965e+00  5.089256003396478e-01  -3.735404304963496e-01
1.968196819681968e+00  5.078049447578761e-01  -3.734882961008398e-01
1.971197119711971e+00  5.066844481408334e-01  -3.734344653036910e-01
1.974197419741974e+00  5.055641155724534e-01  -3.733789419723058e-01
1.977197719771977e+00  5.044439521250513e-01  -3.733217299840488e-01
1.980198019801980e+00  5.033239628592940e-01  -3.732628332261726e-01
1.983198319831983e+00  5.022041528241703e-01  -3.732022555957436e-01
1.986198619861986e+00  5.010845270569614e-01  -3.731400009995680e-01
1.989198919891989e+00  4.999650905832116e-01  -3.730760733541170e-01
1.992199219921992e+00  4.988458484166995e-01  -3.730104765854539e-01
1.995199519951995e+00  4.977268055594087e-01  -3.729432146291590e-01
1.998199819981998e+00  4.966079670014997e-01  -3.728742914302561e-01
2.001200120012001e+00  4.954893377212812e-01  -3.728037109431388e-01
2.004200420042004e+00  4.943709226851820e-01  -3.727314771314963e-01
2.007200720072007e+00  4.932527268477234e-01  -3.726575939682399e-01
2.010201020102010e+00  4.921347551514905e-01  -3.725820654354290e-01
2.013201320132013e+00  4.910170125271067e-01  -3.725048955241977e-01
2.016201620162016e+00  4.898995038932039e-01  -3.724260882346810e-01
2.019201920192019e+00  4.887822341563977e-01  -3.723456475759417e-01
2.022202220222022e+00  4.876652082112597e-01  -3.722635775658963e-01
2.025202520252025e+00  4.865484309402907e-01  -3.721798822312424e-01
2.028202820282028e+00  4.854319072138950e-01  -3.720945656073848e-01
2.031203120312031e+00  4.843156418903536e-01  -3.720076317383628e-01
2.034203420342034e+00  4.831996398157994e-01  -3.719190846767766e-01
2.037203720372037e+00  4.820839058241910e-01  -3.718289284837148e-01
2.040204020402040e+00  4.809684447372866e-01  -3.717371672286813e-01
2.043204320432043e+00  4.798532613646205e-01  -3.716438049895219e-01
2.046204620462046e+00  4.787383605034765e-01  -3.715488458523526e-01
2.049204920492049e+00  4.776237469388648e-01  -3.714522939114863e-01
2.052205220522052e+00  4.765094254434966e-01  -3.713541532693601e-01
2.055205520552055e+00  4.753954007777597e-01  -3.712544280364636e-01
2.058205820582058e+00  4.742816776896959e-01  -3.711531223312658e-01
2.061206120612061e+00  4.731682609149755e-01  -3.710502402801434e-01
2.064206420642064e+00  4.720551551768756e-01  -3.709457860173085e-01
2.067206720672067e+00  4.709423651862558e-01  -3.708397636847368e-01
2.070207020702070e+00  4.698298956415352e-01  -3.707321774320952e-01
2.073207320732073e+00  4.687177512286704e-01  -3.706230314166709e-01
2.076207620762076e+00  4.676059366211324e-01  -3.705123298032989e-01
2.079207920792079e+00  4.664944564798847e-01  -3.704000767642913e-01
2.082208220822082e+00  4.653833154533614e-01  -3.702862764793654e-01
2.085208520852085e+00  4.642725181774446e-01  -3.701709331355725e-01
2.088208820882088e+00  4.631620692754446e-01  -3.700540509272273e-01
2.091209120912091e+00  4.620519733580764e-01  -3.699356340558361e-01
2.094209420942094e+00  4.609422350234411e-01  -3.698156867300267e-01
2.097209720972097e+00  4.598328588570035e-01  -3.696942131654775e-01
2.100210021002100e+00  4.587238494315720e-01  -3.695712175848468e-01
2.103210321032103e+00  4.576152113072789e-01  -3.694467042177028e-01
2.106210621062106e+00  4.565069490315596e-01  -3.693206773004526e-01
2.109210921092109e+00  4.553990671391335e-01  -3.691931410762731e-01
2.112211221122112e+00  4.542915701519844e-01  -3.690640997950404e-01
2.115211521152115e+00  4.531844625793409e-01  -3.689335577132602e-01
2.118211821182118e+00  4.520777489176582e-01  -3.688015190939983e-01
2.121212121212121e+00  4.509714336505982e-01  -3.686679882068110e-01
2.124212421242124e+00  4.498655212490125e-01  -3.685329693276758e-01
2.127212721272127e+00  4.487600161709231e-01  -3.683964667389227e-01
2.130213021302130e+00  4.476549228615050e-01  -3.682584847291646e-01
2.133213321332133e+00  4.465502457530682e-01  -3.681190275932290e-01
2.136213621362136e+00  4.454459892650405e-01  -3.679780996320895e-01
2.139213921392139e+00  4.443421578039505e-01  -3.678357051527969e-01
2.142214221422142e+00  4.432387557634105e-01  -3.676918484684115e-01
2.145214521452145e+00  4.421357875240996e-01  -3.675465338979346e-01
2.148214821482148e+00  4.410332574537481e-01  -3.673997657662412e-01
2.151215121512151e+00  4.399311699071203e-01  -3.672515484040118e-01
2.154215421542154e+00  4.388295292259999e-01  -3.671018861476654e-01
2.157215721572157e+00  4.377283397391737e-01  -3.669507833392918e-01
2.160216021602160e+00  4.366276057624163e-01  -3.667982443265847e-01
2.163216321632163e+00  4.355273315984753e-01  -3.666442734627753e-01
2.166216621662166e+00  4.344275215370562e-01  -3.664888751065647e-01
2.169216921692169e+00  4.333281798544540e-01  -3.663320536216246e-01
2.172217221722172e+00  4.322293108128714e-01  -3.661738133757271e-01
2.175217521752175e+00  4.311309186623687e-01  -3.660141587430820e-01
2.178217821782178e+00  4.300330076399725e-01  -3.658530941031792e-01
2.181218121812181e+00  4.289355819695593e-01  -3.656906238405979e-01
2.184218421842184e+00  4.278386458618417e-01  -3.655267523449396e-01
2.187218721872187e+00  4.267422035143531e-01  -3.653614840107612e-01
2.190219021902190e+00  4.256462591114328e-01  -3.651948232375072e-01
2.193219321932193e+00  4.245508168242124e-01  -3.650267744294432e-01
2.196219621962196e+00  4.234558808106005e-01  -3.648573419955889e-01
2.199219921992199e+00  4.223614552152698e-01  -3.646865303496513e-01
2.202220222022202e+00  4.212675441696427e-01  -3.645143439099580e-01
2.205220522052205e+00  4.201741517918774e-01  -3.643407870993905e-01
2.208220822082208e+00  4.190812821868553e-01  -3.641658643453182e-01
2.211221122112211e+00  4.179889394461664e-01  -3.639895800795315e-01
2.214221422142214e+00  4.168971276480979e-01  -3.638119387381762e-01
2.217221722172217e+00  4.158058508576203e-01  -3.636329447616869e-01
2.220222022202220e+00  4.147151131263744e-01  -3.634526025947213e-01
2.223222322232223e+00  4.136249184926602e-01  -3.632709166860942e-01
2.226222622262226e+00  4.125352709814228e-01  -3.630878914887120e-01
2.229222922292229e+00  4.114461746042419e-01  -3.629035314595069e-01
2.232223222322232e+00  4.103576333593193e-01  -3.627178410593719e-01
2.235223522352235e+00  4.092696512314663e-01  -3.625308247530947e-01
2.238223822382238e+00  4.081822321920939e-01  -3.623424870092932e-01
2.241224122412241e+00  4.070953801991998e-01  -3.621528323003501e-01
2.244224422442244e+00  4.060090991973584e-01  -3.619618651023482e-01
2.247224722472247e+00  4.049233931177094e-01  -3.617695898950052e-01
2.250225022502250e+00  4.038382658779465e-01  -3.615760111616099e-01
2.253225322532253e+00  4.027537213823080e-01  -3.613811333889565e-01
2.256225622562256e+00  4.016697635215650e-01  -3.611849610672814e-01
2.259225922592259e+00  4.005863961730127e-01  -3.609874986901984e-01
2.262226222622262e+00  3.995036232004591e-01  -3.607887507546347e-01
2.265226522652265e+00  3.984214484542155e-01  -3.605887217607669e-01
2.268226822682268e+00  3.973398757710874e-01  -3.603874162119576e-01
2.271227122712271e+00  3.962589089743641e-01  -3.601848386146915e-01
2.274227422742274e+00  3.951785518738105e-01  -3.599809934785120e-01
2.277227722772277e+00  3.940988082656571e-01  -3.597758853159578e-01
2.280228022802280e+00  3.930196819325914e-01  -3.595695186425000e-01
2.283228322832283e+00  3.919411766437494e-01  -3.593618979764789e-01
2.286228622862286e+00  3.908632961547066e-01  -3.591530278390414e-01
2.289228922892289e+00  3.897860442074701e-01  -3.589429127540781e-01
2.292229222922292e+00  3.887094245304704e-01  -3.587315572481610e-01
2.295229522952295e+00  3.876334408385527e-01  -3.585189658504810e-01
2.298229822982298e+00  3.865580968329705e-01  -3.583051430927858e-01
2.301230123012301e+00  3.854833962013762e-01  -3.580900935093180e-01
2.304230423042304e+00  3.844093426178154e-01  -3.578738216367534e-01
2.307230723072307e+00  3.833359397427182e-01  -3.576563320141387e-01
2.310231023102310e+00  3.822631912228934e-01  -3.574376291828310e-01
2.313231323132313e+00  3.811911006915207e-01  -3.572177176864359e-01
2.316231623162316e+00  3.801196717681442e-01  -3.569966020707462e-01
2.319231923192319e+00  3.790489080586663e-01  -3.567742868836817e-01
2.322232223222322e+00  3.779788131553407e-01  -3.565507766752277e-01
2.325232523252325e+00  3.769093906367669e-01  -3.563260759973748e-01
2.328232823282328e+00  3.758406440678839e-01  -3.561001894040586e-01
2.331233123312331e+00  3.747725769999641e-01  -3.558731214510992e-01
2.334233423342334e+00  3.737051929706084e-01  -3.556448766961414e-01
2.337233723372337e+00  3.726384955037402e-01  -3.554154596985949e-01
2.340234023402340e+00  3.715724881096003e-01  -3.551848750195745e-01
2.343234323432343e+00  3.705071742847422e-01  -3.549531272218410e-01
2.346234623462346e+00  3.694425575120263e-01  -3.547202208697415e-01
2.349234923492349e+00  3.683786412606163e-01  -3.544861605291508e-01
2.352235223522352e+00  3.673154289859738e-01  -3.542509507674121e-01
2.355235523552355e+00  3.662529241298543e-01  -3.540145961532790e-01
2.358235823582358e+00  3.651911301203035e-01  -3.537771012568566e-01
2.361236123612361e+00  3.641300503716520e-01  -3.535384706495431e-01
2.364236423642364e+00  3.630696882845128e-01  -3.532987089039723e-01
2.367236723672367e+00  3.620100472457770e-01  -3.530578205939556e-01
2.370237023702370e+00  3.609511306286105e-01  -3.528158102944242e-01
2.373237323732373e+00  3.598929417924510e-01  -3.525726825813718e-01
2.376237623762376e+00  3.588354840830039e-01  -3.523284420317975e-01
2.379237923792379e+00  3.577787608322408e-01  -3.520830932236489e-01
2.382238223822382e+00  3.567227753583954e-01  -3.518366407357651e-01
2.385238523852385e+00  3.556675309659618e-01  -3.515890891478204e-01
2.388238823882388e+00  3.546130309456921e-01  -3.513404430402679e-01
2.391239123912391e+00  3.535592785745933e-01  -3.510907069942833e-01
2.394239423942394e+00  3.525062771159265e-01  -3.508398855917093e-01
2.397239723972397e+00  3.514540298192037e-01  -3.505879834149996e-01
2.400240024002400e+00  3.504025399201870e-01  -3.503350050471640e-01
2.403240324032403e+00  3.493518106408873e-01  -3.500809550717127e-01
2.406240624062406e+00  3.483018451895618e-01  -3.498258380726016e-01
2.409240924092409e+00  3.472526467607139e-01  -3.495696586341777e-01
2.412241224122412e+00  3.462042185350916e-01  -3.493124213411242e-01
2.415241524152415e+00  3.451565636796869e-01  -3.490541307784066e-01
2.418241824182418e+00  3.441096853477356e-01  -3.487947915312188e-01
2.421242124212421e+00  3.430635866787152e-01  -3.485344081849289e-01
2.424242424242424e+00  3.420182707983470e-01  -3.482729853250258e-01
2.427242724272427e+00  3.409737408185936e-01  -3.480105275370663e-01
2.430243024302430e+00  3.399299998376606e-01  -3.477470394066216e-01
2.433243324332433e+00  3.388870509399962e-01  -3.474825255192246e-01
2.436243624362436e+00  3.378448971962912e-01  -3.472169904603176e-01
2.439243924392439e+00  3.368035416634803e-01  -3.469504388151997e-01
2.442244224422442e+00  3.357629873847421e-01  -3.466828751689747e-01
2.445244524452445e+00  3.347232373895005e-01  -3.464143041064997e-01
2.448244824482448e+00  3.336842946934259e-01  -3.461447302123334e-01
2.451245124512451e+00  3.326461622984354e-01  -3.458741580706844e-01
2.454245424542454e+00  3.316088431926955e-01  -3.456025922653609e-01
2.457245724572457e+00  3.305723403506227e-01  -3.453300373797192e-01
2.460246024602460e+00  3.295366567328859e-01  -3.450564979966138e-01
2.463246324632463e+00  3.285017952864080e-01  -3.447819786983469e-01
2.466246624662466e+00  3.274677589443677e-01  -3.445064840666183e-01
2.469246924692469e+00  3.264345506262024e-01  -3.442300186824760e-01
2.472247224722472e+00  3.254021732376099e-01  -3.439525871262665e-01
2.475247524752475e+00  3.243706296705515e-01  -3.436741939775856e-01
2.478247824782478e+00  3.233399228032550e-01  -3.433948438152299e-01
2.481248124812481e+00  3.223100555002161e-01  -3.431145412171477e-01
2.484248424842484e+00  3.212810306122038e-01  -3.428332907603911e-01
2.487248724872487e+00  3.202528509762615e-01  -3.425510970210675e-01
2.490249024902490e+00  3.192255194157119e-01  -3.422679645742919e-01
2.493249324932493e+00  3.181990387401599e-01  -3.419838979941400e-01
2.496249624962496e+00  3.171734117454962e-01  -3.416989018536001e-01
2.499249924992499e+00  3.161486412138485e-01  -3.414129807243682e-01
2.502250225022502e+00  3.151247299133316e-01  -3.411261391760686e-01
2.505250525052505e+00  3.141016805985718e-01  -3.408383817777603e-01
2.508250825082508e+00  3.130794960105409e-01  -3.405497130973527e-01
2.511251125112511e+00  3.120581788765069e-01  -3.402601377014025e-01
2.514251425142514e+00  3.110377319100404e-01  -3.399696601550670e-01
2.517251725172517e+00  3.100181578110163e-01  -3.396782850220580e-01
2.520252025202520e+00  3.089994592656201e-01  -3.393860168645950e-01
2.523252325232523e+00  3.079816389463518e-01  -3.390928602433597e-01
2.526252625262526e+00  3.069646995120298e-01  -3.387988197174496e-01
2.529252925292529e+00  3.059486436077971e-01  -3.385038998443329e-01
2.532253225322532e+00  3.049334738651248e-01  -3.382081051798025e-01
2.535253525352535e+00  3.039191929018182e-01  -3.379114402779316e-01
2.538253825382538e+00  3.029058033220218e-01  -3.376139096910276e-01
2.541254125412541e+00  3.018933077162239e-01  -3.373155179695885e-01
2.544254425442544e+00  3.008817086612635e-01  -3.370162696622575e-01
2.547254725472547e+00  2.998710087203341e-01  -3.367161693157789e-01
2.550255025502550e+00  2.988612104429914e-01  -3.364152214749541e-01
2.553255325532553e+00  2.978523163651577e-01  -3.361134306825977e-01
2.556255625562556e+00  2.968443290091284e-01  -3.358108014794937e-01
2.559255925592559e+00  2.958372508835786e-01  -3.355073384043519e-01
2.562256225622562e+00  2.948310844835684e-01  -3.352030459937650e-01
2.565256525652565e+00  2.938258322905505e-01  -3.348979287821656e-01
2.568256825682568e+00  2.928214967723760e-01  -3.345919913017830e-01
2.571257125712571e+00  2.918180803833006e-01  -3.342852380826010e-01
2.574257425742574e+00  2.908155855639931e-01  -3.339776736523157e-01
2.577257725772577e+00  2.898140147415403e-01  -3.336693025362930e-01
2.580258025802580e+00  2.888133703294556e-01  -3.333601292575272e-01
2.583258325832583e+00  2.878136547276854e-01  -3.330501583365992e-01
2.586258625862586e+00  2.868148703226164e-01  -3.327393942916348e-01
2.589258925892589e+00  2.858170194870838e-01  -3.324278416382643e-01
2.592259225922592e+00  2.848201045803776e-01  -3.321155048895809e-01
2.595259525952595e+00  2.838241279482515e-01  -3.318023885561003e-01
2.598259825982598e+00  2.828290919229300e-01  -3.314884971457206e-01
2.601260126012601e+00  2.818349988231164e-01  -3.311738351636815e-01
2.604260426042604e+00  2.808418509540012e-01  -3.308584071125251e-01
2.607260726072607e+00  2.798496506072697e-01  -3.305422174920553e-01
2.610261026102610e+00  2.788584000611108e-01  -3.302252707992993e-01
2.613261326132613e+00  2.778681015802253e-01  -3.299075715284681e-01
2.616261626162616e+00  2.768787574158339e-01  -3.295891241709171e-01
2.619261926192619e+00  2.758903698056867e-01  -3.292699332151082e-01
2.622262226222622e+00  2.749029409740709e-01  -3.289500031465708e-01
2.625262526252625e+00  2.739164731318209e-01  -3.286293384478637e-01
2.628262826282628e+00  2.729309684763264e-01  -3.283079435985376e-01
2.631263126312631e+00  2.719464291915414e-01  -3.279858230750969e-01
2.634263426342634e+00  2.709628574479942e-01  -3.276629813509626e-01
2.637263726372637e+00  2.699802554027957e-01  -3.273394228964351e-01
2.640264026402640e+00  2.689986251996498e-01  -3.270151521786573e-01
2.643264326432643e+00  2.680179689688624e-01  -3.266901736615783e-01
2.646264626462646e+00  2.670382888273507e-01  -3.263644918059161e-01
2.649264926492649e+00  2.660595868786541e-01  -3.260381110691228e-01
2.652265226522652e+00  2.650818652129426e-01  -3.257110359053480e-01
2.655265526552655e+00  2.641051259070279e-01  -3.253832707654031e-01
2.658265826582658e+00  2.631293710243733e-01  -3.250548200967268e-01
2.661266126612661e+00  2.621546026151028e-01  -3.247256883433492e-01
2.664266426642664e+00  2.611808227160131e-01  -3.243958799458578e-01
2.667266726672667e+00  2.602080333505823e-01  -3.240653993413624e-01
2.670267026702670e+00  2.592362365289819e-01  -3.237342509634616e-01
2.673267326732673e+00  2.582654342480865e-01  -3.234024392422083e-01
2.676267626762676e+00  2.572956284914839e-01  -3.230699686040762e-01
2.679267926792679e+00  2.563268212294877e-01  -3.227368434719269e-01
2.682268226822682e+00  2.553590144191463e-01  -3.224030682649761e-01
2.685268526852685e+00  2.543922100042550e-01  -3.220686473987613e-01
2.688268826882688e+00  2.534264099153671e-01  -3.217335852851095e-01
2.691269126912691e+00  2.524616160698039e-01  -3.213978863321041e-01
2.694269426942694e+00  2.514978303716677e-01  -3.210615549440540e-01
2.697269726972697e+00  2.505350547118516e-01  -3.207245955214612e-01
2.700270027002700e+00  2.495732909680519e-01  -3.203870124609897e-01
2.703270327032703e+00  2.486125410047798e-01  -3.200488101554350e-01
2.706270627062706e+00  2.476528066733718e-01  -3.197099929936920e-01
2.709270927092709e+00  2.466940898120031e-01  -3.193705653607258e-01
2.712271227122712e+00  2.457363922456979e-01  -3.190305316375410e-01
2.715271527152715e+00  2.447797157863425e-01  -3.186898962011517e-01
2.718271827182718e+00  2.438240622326968e-01  -3.183486634245523e-01
2.721272127212721e+00  2.428694333704060e-01  -3.180068376766875e-01
2.724272427242724e+00  2.419158309720139e-01  -3.176644233224242e-01
2.727272727272727e+00  2.409632567969736e-01  -3.173214247225221e-01
2.730273027302730e+00  2.400117125916616e-01  -3.169778462336057e-01
2.733273327332733e+00  2.390612000893889e-01  -3.166336922081363e-01
2.736273627362736e+00  2.381117210104139e-01  -3.162889669943836e-01
2.739273927392739e+00  2.371632770619556e-01  -3.159436749363991e-01
2.742274227422742e+00  2.362158699382052e-01  -3.155978203739881e-01
2.745274527452745e+00  2.352695013203399e-01  -3.152514076426836e-01
2.748274827482748e+00  2.343241728765352e-01  -3.149044410737192e-01
2.751275127512751e+00  2.333798862619779e-01  -3.145569249940031e-01
2.754275427542754e+00  2.324366431188792e-01  -3.142088637260924e-01
2.757275727572757e+00  2.314944450764877e-01  -3.138602615881668e-01
2.760276027602760e+00  2.305532937511028e-01  -3.135111228940043e-01
2.763276327632763e+00  2.296131907460877e-01  -3.131614519529556e-01
2.766276627662766e+00  2.286741376518827e-01  -3.128112530699195e-01
2.769276927692769e+00  2.277361360460188e-01  -3.124605305453185e-01
2.772277227722772e+00  2.267991874931311e-01  -3.121092886750754e-01
2.775277527752775e+00  2.258632935449721e-01  -3.117575317505890e-01
2.778277827782778e+00  2.249284557404261e-01  -3.114052640587108e-01
2.781278127812781e+00  2.239946756055214e-01  -3.110524898817223e-01
2.784278427842784e+00  2.230619546534460e-01  -3.106992134973124e-01
2.787278727872787e+00  2.221302943845594e-01  -3.103454391785542e-01
2.790279027902790e+00  2.211996962864085e-01  -3.099911711938840e-01
2.793279327932793e+00  2.202701618337400e-01  -3.096364138070789e-01
2.796279627962796e+00  2.193416924885150e-01  -3.092811712772359e-01
2.799279927992799e+00  2.184142896999236e-01  -3.089254478587505e-01
2.802280228022802e+00  2.174879549043979e-01  -3.085692478012960e-01
2.805280528052805e+00  2.165626895256276e-01  -3.082125753498037e-01
2.808280828082808e+00  2.156384949745734e-01  -3.078554347444420e-01
2.811281128112811e+00  2.147153726494814e-01  -3.074978302205976e-01
2.814281428142814e+00  2.137933239358981e-01  -3.071397660088556e-01
2.817281728172817e+00  2.128723502066842e-01  -3.067812463349804e-01
2.820282028202820e+00  2.119524528220255e-01  -3.064222754197343e-01
2.823282328232823e+00  2.110336331294393e-01  -3.060628574783796e-01
2.826282628262826e+00  2.101158924638210e-01  -3.057029967219391e-01
2.829282928292829e+00  2.091992321474423e-01  -3.053426973566110e-01
2.832283228322832e+00  2.082836534899622e-01  -3.049819635836510e-01
2.835283528352835e+00  2.073691577884423e-01  -3.046207995993558e-01
2.838283828382838e+00  2.064557463273615e-01  -3.042592095950478e-01
2.841284128412841e+00  2.055434203786304e-01  -3.038971977570586e-01
2.844284428442844e+00  2.046321812016072e-01  -3.035347682667144e-01
2.847284728472847e+00  2.037220300431117e-01  -3.031719253003202e-01
2.850285028502850e+00  2.028129681374409e-01  -3.028086730291449e-01
2.853285328532853e+00  2.019049967063845e-01  -3.024450156194072e-01
2.856285628562856e+00  2.009981169592386e-01  -3.020809572322601e-01
2.859285928592859e+00  2.000923300928228e-01  -3.017165020237775e-01
2.862286228622862e+00  1.991876372914937e-01  -3.013516541449400e-01
2.865286528652865e+00  1.982840397271615e-01  -3.009864177416212e-01
2.868286828682868e+00  1.973815385593049e-01  -3.006207969545742e-01
2.871287128712871e+00  1.964801349349859e-01  -3.002547959194186e-01
2.874287428742874e+00  1.955798299888663e-01  -2.998884187666276e-01
2.877287728772877e+00  1.946806248432222e-01  -2.995216696215152e-01
2.880288028802880e+00  1.937825206079601e-01  -2.991545526042245e-01
2.883288328832883e+00  1.928855183806326e-01  -2.987870718297152e-01
2.886288628862886e+00  1.919896192464531e-01  -2.984192314077520e-01
2.889288928892889e+00  1.910948242783125e-01  -2.980510354428932e-01
2.892289228922892e+00  1.902011345367939e-01  -2.976824880344801e-01
2.895289528952895e+00  1.893085510701893e-01  -2.973135932766254e-01
2.898289828982898e+00  1.884170749145145e-01  -2.969443552582037e-01
2.901290129012901e+00  1.875267070935250e-01  -2.965747780628407e-01
2.904290429042904e+00  1.866374486187325e-01  -2.962048657689038e-01
2.907290729072907e+00  1.857493004894194e-01  -2.958346224494924e-01
2.910291029102910e+00  1.848622636926561e-01  -2.954640521724293e-01
2.913291329132913e+00  1.839763392033159e-01  -2.950931590002514e-01
2.916291629162916e+00  1.830915279840912e-01  -2.947219469902015e-01
2.919291929192919e+00  1.822078309855096e-01  -2.943504201942206e-01
2.922292229222922e+00  1.813252491459492e-01  -2.939785826589397e-01
2.925292529252925e+00  1.804437833916556e-01  -2.936064384256729e-01
2.928292829282928e+00  1.795634346367572e-01  -2.932339915304102e-01
2.931293129312931e+00  1.786842037832808e-01  -2.928612460038114e-01
2.934293429342934e+00  1.778060917211691e-01  -2.924882058711993e-01
2.937293729372937e+00  1.769290993282948e-01  -2.921148751525544e-01
2.940294029402940e+00  1.760532274704783e-01  -2.917412578625093e-01
2.943294329432943e+00  1.751784770015030e-01  -2.913673580103439e-01
2.946294629462946e+00  1.743048487631313e-01  -2.909931795999806e-01
2.949294929492949e+00  1.734323435851212e-01  -2.906187266299803e-01
2.952295229522952e+00  1.725609622852415e-01  -2.902440030935384e-01
2.955295529552955e+00  1.716907056692892e-01  -2.898690129784819e-01
2.958295829582958e+00  1.708215745311047e-01  -2.894937602672662e-01
2.961296129612961e+00  1.699535696525878e-01  -2.891182489369722e-01
2.964296429642964e+00  1.690866918037145e-01  -2.887424829593053e-01
2.967296729672967e+00  1.682209417425526e-01  -2.883664663005925e-01
2.970297029702970e+00  1.673563202152781e-01  -2.879902029217825e-01
2.973297329732973e+00  1.664928279561914e-01  -2.876136967784441e-01
2.976297629762976e+00  1.656304656877329e-01  -2.872369518207661e-01
2.979297929792979e+00  1.647692341204999e-01  -2.868599719935578e-01
2.982298229822982e+00  1.639091339532619e-01  -2.864827612362493e-01
2.985298529852985e+00  1.630501658729776e-01  -2.861053234828927e-01
2.988298829882988e+00  1.621923305548104e-01  -2.857276626621643e-01
2.991299129912991e+00  1.613356286621444e-01  -2.853497826973653e-01
2.994299429942994e+00  1.604800608466012e-01  -2.849716875064262e-01
2.997299729972997e+00  1.596256277480551e-01  -2.845933810019080e-01
3.000300030003000e+00  1.587723299946499e-01  -2.842148670910071e-01
3.003300330033003e+00  1.579201682028147e-01  -2.838361496755590e-01
3.006300630063006e+00  1.570691429772798e-01  -2.834572326520425e-01
3.009300930093009e+00  1.562192549110930e-01  -2.830781199115851e-01
3.012301230123012e+00  1.553705045856353e-01  -2.826988153399683e-01
3.015301530153015e+00  1.545228925706371e-01  -2.823193228176343e-01
3.018301830183018e+00  1.536764194241946e-01  -2.819396462196920e-01
3.021302130213021e+00  1.528310856927847e-01  -2.815597894159242e-01
3.024302430243024e+00  1.519868919112820e-01  -2.811797562707958e-01
3.027302730273027e+00  1.511438386029740e-01  -2.807995506434617e-01
3.030303030303030e+00  1.503019262795773e-01  -2.804191763877753e-01
3.033303330333033e+00  1.494611554412538e-01  -2.800386373522986e-01
3.036303630363036e+00  1.486215265766257e-01  -2.796579373803110e-01
3.039303930393039e+00  1.477830401627920e-01  -2.792770803098212e-01
3.042304230423042e+00  1.469456966653440e-01  -2.788960699735766e-01
3.045304530453045e+00  1.461094965383811e-01  -2.785149101990761e-01
3.048304830483048e+00  1.452744402245268e-01  -2.781336048085819e-01
3.051305130513051e+00  1.444405281549436e-01  -2.777521576191320e-01
3.054305430543054e+00  1.436077607493496e-01  -2.773705724425538e-01
3.057305730573057e+00  1.427761384160333e-01  -2.769888530854778e-01
3.060306030603060e+00  1.419456615518699e-01  -2.766070033493528e-01
3.063306330633063e+00  1.411163305423365e-01  -2.762250270304599e-01
3.066306630663066e+00  1.402881457615271e-01  -2.758429279199291e-01
3.069306930693069e+00  1.394611075721692e-01  -2.754607098037555e-01
3.072307230723072e+00  1.386352163256379e-01  -2.750783764628159e-01
3.075307530753075e+00  1.378104723619723e-01  -2.746959316728866e-01
3.078307830783078e+00  1.369868760098906e-01  -2.743133792046621e-01
3.081308130813081e+00  1.361644275868047e-01  -2.739307228237730e-01
3.084308430843084e+00  1.353431273988366e-01  -2.735479662908060e-01
3.087308730873087e+00  1.345229757408322e-01  -2.731651133613243e-01
3.090309030903090e+00  1.337039728963779e-01  -2.727821677858877e-01
3.093309330933093e+00  1.328861191378145e-01  -2.723991333100747e-01
3.096309630963096e+00  1.320694147262526e-01  -2.720160136745040e-01
3.099309930993099e+00  1.312538599115880e-01  -2.716328126148577e-01
3.102310231023102e+00  1.304394549325160e-01  -2.712495338619045e-01
3.105310531053105e+00  1.296262000165466e-01  -2.708661811415236e-01
3.108310831083108e+00  1.288140953800193e-01  -2.704827581747302e-01
3.111311131113111e+00  1.280031412281175e-01  -2.700992686776997e-01
3.114311431143114e+00  1.271933377548839e-01  -2.697157163617953e-01
3.117311731173117e+00  1.263846851432340e-01  -2.693321049335936e-01
3.120312031203120e+00  1.255771835649719e-01  -2.689484380949128e-01
3.123312331233123e+00  1.247708331808040e-01  -2.685647195428410e-01
3.126312631263126e+00  1.239656341403536e-01  -2.681809529697644e-01
3.129312931293129e+00  1.231615865821755e-01  -2.677971420633981e-01
3.132313231323132e+00  1.223586906337695e-01  -2.674132905068152e-01
3.135313531353135e+00  1.215569464115958e-01  -2.670294019784790e-01
3.138313831383138e+00  1.207563540210886e-01  -2.666454801522742e-01
3.141314131413141e+00  1.199569135566695e-01  -2.662615286975399e-01
3.144314431443144e+00  1.191586251017627e-01  -2.658775512791022e-01
3.147314731473147e+00  1.183614887287298e-01  -2.654935515569914e-01
3.150315031503150e+00  1.175655044989227e-01  -2.651095331867390e-01
3.153315331533153e+00  1.167706724628282e-01  -2.647254998199108e-01
3.156315631563156e+00  1.159769926599809e-01  -2.643414551036781e-01
3.159315931593159e+00  1.151844651189769e-01  -2.639574026808610e-01
3.162316231623162e+00  1.143930898574858e-01  -2.635733461899734e-01
3.165316531653165e+00  1.136028668822653e-01  -2.631892892652695e-01
3.168316831683168e+00  1.128137961891733e-01  -2.628052355367902e-01
3.171317131713171e+00  1.120258777631809e-01  -2.624211886304098e-01
3.174317431743174e+00  1.112391115783854e-01  -2.620371521678841e-01
3.177317731773177e+00  1.104534975980224e-01  -2.616531297668978e-01
3.180318031803180e+00  1.096690357744788e-01  -2.612691250411143e-01
3.183318331833183e+00  1.088857260493046e-01  -2.608851416002245e-01
3.186318631863186e+00  1.081035683532250e-01  -2.605011830499974e-01
3.189318931893189e+00  1.073225626061525e-01  -2.601172529923314e-01
3.192319231923192e+00  1.065427087171985e-01  -2.597333550253063e-01
3.195319531953195e+00  1.057640065846849e-01  -2.593494927432361e-01
3.198319831983198e+00  1.049864560961555e-01  -2.589656697367235e-01
3.201320132013201e+00  1.042100571283870e-01  -2.585818895927142e-01
3.204320432043204e+00  1.034348095474003e-01  -2.581981558945539e-01
3.207320732073207e+00  1.026607132084710e-01  -2.578144722220448e-01
3.210321032103210e+00  1.018877679561403e-01  -2.574308421515046e-01
3.213321332133213e+00  1.011159736242254e-01  -2.570472692558262e-01
3.216321632163216e+00  1.003453300358293e-01  -2.566637571045384e-01
3.219321932193219e+00  9.957583700335136e-02  -2.562803092638691e-01
3.222322232223222e+00  9.880749432849661e-02  -2.558969292968082e-01
3.225322532253225e+00  9.804030180228580e-02  -2.555136207631737e-01
3.228322832283228e+00  9.727425920506459e-02  -2.551303872196786e-01
3.231323132313231e+00  9.650936630651227e-02  -2.547472322199983e-01
3.234323432343234e+00  9.574562286565154e-02  -2.543641593148423e-01
3.237323732373237e+00  9.498302863085621e-02  -2.539811720520244e-01
3.240324032403240e+00  9.422158333986058e-02  -2.535982739765373e-01
3.243324332433243e+00  9.346128671976722e-02  -2.532154686306276e-01
3.246324632463246e+00  9.270213848705466e-02  -2.528327595538727e-01
3.249324932493249e+00  9.194413834758595e-02  -2.524501502832602e-01
3.252325232523252e+00  9.118728599661519e-02  -2.520676443532688e-01
3.255325532553255e+00  9.043158111879562e-02  -2.516852452959512e-01
3.258325832583258e+00  8.967702338818628e-02  -2.513029566410194e-01
3.261326132613261e+00  8.892361246825836e-02  -2.509207819159320e-01
3.264326432643264e+00  8.817134801190255e-02  -2.505387246459834e-01
3.267326732673267e+00  8.742022966143420e-02  -2.501567883543951e-01
3.270327032703270e+00  8.667025704860028e-02  -2.497749765624103e-01
3.273327332733273e+00  8.592142979458448e-02  -2.493932927893897e-01
3.276327632763276e+00  8.517374751001242e-02  -2.490117405529101e-01
3.279327932793279e+00  8.442720979495749e-02  -2.486303233688656e-01
3.282328232823282e+00  8.368181623894480e-02  -2.482490447515709e-01
3.285328532853285e+00  8.293756642095652e-02  -2.478679082138677e-01
3.288328832883288e+00  8.219445990943580e-02  -2.474869172672334e-01
3.291329132913291e+00  8.145249626229036e-02  -2.471060754218919e-01
3.294329432943294e+00  8.071167502689700e-02  -2.467253861869283e-01
3.297329732973297e+00  7.997199574010404e-02  -2.463448530704054e-01
3.300330033003300e+00  7.923345792823513e-02  -2.459644795794834e-01
3.303330333033303e+00  7.849606110709170e-02  -2.455842692205423e-01
3.306330633063306e+00  7.775980478195510e-02  -2.452042254993074e-01
3.309330933093309e+00  7.702468844758943e-02  -2.448243519209778e-01
3.312331233123312e+00  7.629071158824247e-02  -2.444446519903576e-01
3.315331533153315e+00  7.555787367764799e-02  -2.440651292119904e-01
3.318331833183318e+00  7.482617417902648e-02  -2.436857870902975e-01
3.321332133213321e+00  7.409561254508577e-02  -2.433066291297175e-01
3.324332433243324e+00  7.336618821802214e-02  -2.429276588348521e-01
3.327332733273327e+00  7.263790062951971e-02  -2.425488797106116e-01
3.330333033303330e+00  7.191074920075094e-02  -2.421702952623673e-01
3.333333333333333e+00  7.118473334237582e-02  -2.417919089961046e-01
3.336333633363336e+00  7.045985245454064e-02  -2.414137244185806e-01
3.339333933393339e+00  6.973610592687748e-02  -2.410357450374859e-01
3.342334233423342e+00  6.901349313850180e-02  -2.406579743616085e-01
3.345334533453345e+00  6.829201345801125e-02  -2.402804159010025e-01
3.348334833483348e+00  6.757166624348296e-02  -2.399030731671602e-01
3.351335133513351e+00  6.685245084247057e-02  -2.395259496731870e-01
3.354335433543354e+00  6.613436659200198e-02  -2.391490489339820e-01
3.357335733573357e+00  6.541741281849806e-02  -2.387723744664362e-01
3.360336033603360e+00  6.470158883756742e-02  -2.383959297898570e-01
3.363336333633363e+00  6.398689395447693e-02  -2.380197184260917e-01
3.366336633663366e+00  6.327332746394491e-02  -2.376437438995465e-01
3.369336933693369e+00  6.256088865010556e-02  -2.372680097374225e-01
3.372337233723372e+00  6.184957678650058e-02  -2.368925194699592e-01
3.375337533753375e+00  6.113939113607183e-02  -2.365172766306798e-01
3.378337833783378e+00  6.043033095115187e-02  -2.361422847566408e-01
3.381338133813381e+00  5.972239547345368e-02  -2.357675473886836e-01
3.384338433843384e+00  5.901558393406060e-02  -2.353930680716923e-01
3.387338733873387e+00  5.830989555341361e-02  -2.350188503548543e-01
3.390339033903390e+00  5.760532954129950e-02  -2.346448977919287e-01
3.393339333933393e+00  5.690188509683675e-02  -2.342712139415198e-01
3.396339633963396e+00  5.619956140846072e-02  -2.338978023673577e-01
3.399339933993399e+00  5.549835765390866e-02  -2.335246666385875e-01
3.402340234023402e+00  5.479827300020230e-02  -2.331518103300653e-01
3.405340534053405e+00  5.409930660363090e-02  -2.327792370226648e-01
3.408340834083408e+00  5.340145760973222e-02  -2.324069503035927e-01
3.411341134113411e+00  5.270472515327244e-02  -2.320349537667148e-01
3.414341434143414e+00  5.200910835822604e-02  -2.316632510128931e-01
3.417341734173417e+00  5.131460633775300e-02  -2.312918456503343e-01
3.420342034203420e+00  5.062121819417641e-02  -2.309207412949515e-01
3.423342334233423e+00  4.992894301895795e-02  -2.305499415707382e-01
3.426342634263426e+00  4.923777989267222e-02  -2.301794501101563e-01
3.429342934293429e+00  4.854772788498084e-02  -2.298092705545388e-01
3.432343234323432e+00  4.785878605460388e-02  -2.294394065545069e-01
3.435343534353435e+00  4.717095344929161e-02  -2.290698617704039e-01
3.438343834383438e+00  4.648422910579392e-02  -2.287006398727444e-01
3.441344134413441e+00  4.579861204982862e-02  -2.283317445426812e-01
3.444344434443444e+00  4.511410129604929e-02  -2.279631794724906e-01
3.447344734473447e+00  4.443069584801054e-02  -2.275949483660744e-01
3.450345034503450e+00  4.374839469813328e-02  -2.272270549394829e-01
3.453345334533453e+00  4.306719682766776e-02  -2.268595029214567e-01
3.456345634563456e+00  4.238710120665526e-02  -2.264922960539892e-01
3.459345934593459e+00  4.170810679388932e-02  -2.261254380929099e-01
3.462346234623462e+00  4.103021253687422e-02  -2.257589328084904e-01
3.465346534653465e+00  4.035341737178344e-02  -2.253927839860716e-01
3.468346834683468e+00  3.967772022341578e-02  -2.250269954267157e-01
3.471347134713471e+00  3.900312000514995e-02  -2.246615709478802e-01
3.474347434743474e+00  3.832961561889876e-02  -2.242965143841179e-01
3.477347734773477e+00  3.765720595506032e-02  -2.239318295878011e-01
3.480348034803480e+00  3.698588989246926e-02  -2.235675204298726e-01
3.483348334833483e+00  3.631566629834532e-02  -2.232035908006221e-01
3.486348634863486e+00  3.564653402823945e-02  -2.228400446104912e-01
3.489348934893489e+00  3.497849192574616e-02  -2.224768857912458e-01
3.492349234923492e+00  3.431153882260612e-02  -2.221141182972217e-01
3.495349534953495e+00  3.364567353878108e-02  -2.217517461056101e-01
3.498349834983498e+00  3.298089488225204e-02  -2.213897732175243e-01
3.501350135013501e+00  3.231720164895044e-02  -2.210282036591790e-01
3.504350435043504e+00  3.165459262268593e-02  -2.206670414830873e-01
3.507350735073507e+00  3.099306657506812e-02  -2.203062907692860e-01
3.510351035103510e+00  3.033262226542517e-02  -2.199459556266009e-01
3.513351335133513e+00  2.967325844071660e-02  -2.195860401939604e-01
3.516351635163516e+00  2.901497383544119e-02  -2.192265486417707e-01
3.519351935193519e+00  2.835776717154082e-02  -2.188674851733612e-01
3.522352235223522e+00  2.770163715829772e-02  -2.185088540265117e-01
3.525352535253525e+00  2.704658249222779e-02  -2.181506594750720e-01
3.528352835283528e+00  2.639260185696767e-02  -2.177929058306839e-01
3.531353135313531e+00  2.573969392315609e-02  -2.174355974446170e-01
3.534353435343534e+00  2.508785734831066e-02  -2.170787387097291e-01
3.537353735373537e+00  2.443709077669728e-02  -2.167223340625594e-01
3.540354035403540e+00  2.378739283919518e-02  -2.163663879855696e-01
3.543354335433543e+00  2.313876215315480e-02  -2.160109050095393e-01
3.546354635463546e+00  2.249119732224961e-02  -2.156558897161279e-01
3.549354935493549e+00  2.184469693632247e-02  -2.153013467406149e-01
3.552355235523552e+00  2.119925957122416e-02  -2.149472807748269e-01
3.555355535553555e+00  2.055488378864671e-02  -2.145936965702637e-01
3.558355835583558e+00  1.991156813594916e-02  -2.142405989414330e-01
3.561356135613561e+00  1.926931114597640e-02  -2.138879927694053e-01
3.564356435643564e+00  1.862811133687204e-02  -2.135358830055989e-01
3.567356735673567e+00  1.798796721186963e-02  -2.131842746758481e-01
3.570357035703570e+00  1.734887725880594e-02  -2.128331728860862e-01
3.573357335733573e+00  1.671083995009189e-02  -2.124825828270619e-01
3.576357635763576e+00  1.607385374248161e-02  -2.121325097791128e-01
3.579357935793579e+00  1.543791707674018e-02  -2.117829591187236e-01
3.582358235823582e+00  1.480302837735240e-02  -2.114339363253573e-01
3.585358535853585e+00  1.416918605220648e-02  -2.110854469888084e-01
3.588358835883588e+00  1.353638849224906e-02  -2.107374968172892e-01
3.591359135913591e+00  1.290463407111138e-02  -2.103900916464586e-01
3.594359435943594e+00  1.227392114470625e-02  -2.100432374496050e-01
3.597359735973597e+00  1.164424805079240e-02  -2.096969403491916e-01
3.600360036003600e+00  1.101561310850768e-02  -2.093512066299777e-01
3.603360336033603e+00  1.038801461786782e-02  -2.090060427539222e-01
3.606360636063606e+00  9.761450859230202e-03  -2.086614553770838e-01
3.609360936093609e+00  9.135920092721963e-03  -2.083174513687270e-01
3.612361236123612e+00  8.511420557488065e-03  -2.079740378342685e-01
3.615361536153615e+00  7.887950470917430e-03  -2.076312221428667e-01
3.618361836183618e+00  7.265508027876138e-03  -2.072890119579845e-01
3.621362136213621e+00  6.644091399757097e-03  -2.069474152770807e-01
3.624362436243624e+00  6.023698733414325e-03  -2.066064404778472e-01
3.627362736273627e+00  5.404328149914615e-03  -2.062660963756337e-01
3.630363036303630e+00  4.785977743097337e-03  -2.059263922977815e-01
3.633363336333633e+00  4.168645577928148e-03  -2.055873381805886e-01
3.636363636363636e+00  3.552329688577742e-03  -2.052489446961259e-01
3.639363936393639e+00  2.937028075812228e-03  -2.049112234327232e-01
3.642364236423642e+00  2.322738703947131e-03  -2.045741871580428e-01
3.645364536453645e+00  1.709459496731103e-03  -2.042378502338464e-01
3.648364836483648e+00  1.097188331588372e-03  -2.039022293474458e-01
3.651365136513651e+00  4.859230306370130e-04  -2.035673450691322e-01
