# Lane-Emden n=1.5 solution (2D)
# Generated with solve_lane_emden.py
# Points: 883
# xi_1 = 3.000000000000000e+01
# dtheta_1 = -4.009858856718875e-01
# Format: xi  theta  dtheta/dxi
0.000000000000000e+00  1.000000000000000e+00  0.000000000000000e+00
3.000300030003000e-03  9.999977495518312e-01  -1.500147482994410e-03
6.000600060006000e-03  9.999909982301165e-01  -3.000279774003826e-03
9.000900090008999e-03  9.999797461032259e-01  -4.500381681324395e-03
1.200120012001200e-02  9.999639932851090e-01  -6.000438013831546e-03
1.500150015001500e-02  9.999437399352913e-01  -7.500433581236011e-03
1.800180018001800e-02  9.999189862588732e-01  -9.000353194415322e-03
2.100210021002100e-02  9.998897325065239e-01  -1.050018166564176e-02
2.400240024002400e-02  9.998559789744789e-01  -1.199990380892995e-02
2.700270027002700e-02  9.998177260045323e-01  -1.349950444025814e-02
3.000300030003000e-02  9.997749739840323e-01  -1.499896837790267e-02
3.300330033003300e-02  9.997277233458716e-01  -1.649828044266598e-02
3.600360036003600e-02  9.996759745684838e-01  -1.799742545828362e-02
3.900390039003900e-02  9.996197281758278e-01  -1.949638825152571e-02
4.200420042004200e-02  9.995589847373841e-01  -2.099515365263858e-02
4.500450045004500e-02  9.994937448681401e-01  -2.249370649554049e-02
4.800480048004800e-02  9.994240092285793e-01  -2.399203161811935e-02
5.100510051005100e-02  9.993497785246741e-01  -2.549011386262256e-02
5.400540054005400e-02  9.992710535078639e-01  -2.698793807576385e-02
5.700570057005700e-02  9.991878349750453e-01  -2.848548910909127e-02
6.000600060006001e-02  9.991001237685594e-01  -2.998275181932297e-02
6.300630063006300e-02  9.990079207761727e-01  -3.147971106855826e-02
6.600660066006600e-02  9.989112269310587e-01  -3.297635172454377e-02
6.900690069006900e-02  9.988100432117848e-01  -3.447265866102082e-02
7.200720072007200e-02  9.987043706422974e-01  -3.596861675805971e-02
7.500750075007501e-02  9.985942102918984e-01  -3.746421090226674e-02
7.800780078007800e-02  9.984795632752117e-01  -3.895942598689519e-02
8.100810081008100e-02  9.983604307521839e-01  -4.045424691242996e-02
8.400840084008400e-02  9.982368139280541e-01  -4.194865858673425e-02
8.700870087008700e-02  9.981087140533322e-01  -4.344264592534922e-02
9.000900090009001e-02  9.979761324237709e-01  -4.493619385173266e-02
9.300930093009301e-02  9.978390703803419e-01  -4.642928729754107e-02
9.600960096009600e-02  9.976975293092134e-01  -4.792191120294271e-02
9.900990099009900e-02  9.975515106417284e-01  -4.941405051693611e-02
1.020102010201020e-01  9.974010158543801e-01  -5.090569019764912e-02
1.050105010501050e-01  9.972460464687806e-01  -5.239681521259301e-02
1.080108010801080e-01  9.970866040516231e-01  -5.388741053884627e-02
1.110111011101110e-01  9.969226902146398e-01  -5.537746116320911e-02
1.140114011401140e-01  9.967543066146125e-01  -5.686695208288329e-02
1.170117011701170e-01  9.965814549533161e-01  -5.835586830551381e-02
1.200120012001200e-01  9.964041369774940e-01  -5.984419484951051e-02
1.230123012301230e-01  9.962223544788241e-01  -6.133191674432562e-02
1.260126012601260e-01  9.960361092938812e-01  -6.281901903070358e-02
1.290129012901290e-01  9.958454033041007e-01  -6.430548676095085e-02
1.320132013201320e-01  9.956502384357446e-01  -6.579130499922019e-02
1.350135013501350e-01  9.954506166598683e-01  -6.727645882180386e-02
1.380138013801380e-01  9.952465399922864e-01  -6.876093331742973e-02
1.410141014101410e-01  9.950380104935367e-01  -7.024471358755502e-02
1.440144014401440e-01  9.948250302688441e-01  -7.172778474665156e-02
1.470147014701470e-01  9.946076014680799e-01  -7.321013192247738e-02
1.500150015001500e-01  9.943857262857184e-01  -7.469174025632842e-02
1.530153015301530e-01  9.941594069607881e-01  -7.617259490326521e-02
1.560156015601560e-01  9.939286457768182e-01  -7.765268103230842e-02
1.590159015901590e-01  9.936934450617866e-01  -7.913198382664803e-02
1.620162016201620e-01  9.934538071881580e-01  -8.061048848445711e-02
1.650165016501650e-01  9.932097345727687e-01  -8.208818021873009e-02
1.680168016801680e-01  9.929612296767943e-01  -8.356504425759716e-02
1.710171017101710e-01  9.927082950057147e-01  -8.504106584466974e-02
1.740174017401740e-01  9.924509331092615e-01  -8.651623023928826e-02
1.770177017701770e-01  9.921891465813679e-01  -8.799052271677826e-02
1.800180018001800e-01  9.919229380601173e-01  -8.946392856871327e-02
1.830183018301830e-01  9.916523102276945e-01  -9.093643310318325e-02
1.860186018601860e-01  9.913772658103353e-01  -9.240802164506753e-02
1.890189018901890e-01  9.910978075782774e-01  -9.387867953631060e-02
1.920192019201920e-01  9.908139383457105e-01  -9.534839213619994e-02
1.950195019501950e-01  9.905256609707256e-01  -9.681714482164418e-02
1.980198019801980e-01  9.902329783552637e-01  -9.828492298745059e-02
2.010201020102010e-01  9.899358934450633e-01  -9.975171204660074e-02
2.040204020402040e-01  9.896344092296065e-01  -1.012174974305227e-01
2.070207020702070e-01  9.893285287420638e-01  -1.026822645893586e-01
2.100210021002100e-01  9.890182550592354e-01  -1.041459989922271e-01
2.130213021302130e-01  9.887035913014930e-01  -1.056086861274776e-01
2.160216021602160e-01  9.883845406327165e-01  -1.070703115029372e-01
2.190219021902190e-01  9.880611062602292e-01  -1.085308606461478e-01
2.220222022202220e-01  9.877332914347302e-01  -1.099903191045920e-01
2.250225022502250e-01  9.874010994502223e-01  -1.114486724459069e-01
2.280228022802280e-01  9.870645336439423e-01  -1.129059062581058e-01
2.310231023102310e-01  9.867235973964480e-01  -1.143620061505019e-01
2.340234023402340e-01  9.863782941314239e-01  -1.158169577534377e-01
2.370237023702370e-01  9.860286273155979e-01  -1.172707467184096e-01
2.400240024002400e-01  9.856746004587277e-01  -1.187233587185454e-01
2.430243024302430e-01  9.853162171135305e-01  -1.201747794488489e-01
2.460246024602460e-01  9.849534808756136e-01  -1.216249946264485e-01
2.490249024902490e-01  9.845863953834046e-01  -1.230739899908463e-01
2.520252025202520e-01  9.842149643180818e-01  -1.245217513041705e-01
2.550255025502550e-01  9.838391914035038e-01  -1.259682643514290e-01
2.580258025802580e-01  9.834590804061409e-01  -1.274135149407636e-01
2.610261026102610e-01  9.830746351350039e-01  -1.288574889037068e-01
2.640264026402640e-01  9.826858594415743e-01  -1.303001720954380e-01
2.670267026702670e-01  9.822927572197333e-01  -1.317415503950410e-01
2.700270027002700e-01  9.818953324056907e-01  -1.331816097057616e-01
2.730273027302730e-01  9.814935889779132e-01  -1.346203359552654e-01
2.760276027602760e-01  9.810875309570517e-01  -1.360577150958946e-01
2.790279027902790e-01  9.806771624058684e-01  -1.374937331049254e-01
2.820282028202820e-01  9.802624874291631e-01  -1.389283759848234e-01
2.850285028502850e-01  9.798435101736979e-01  -1.403616297634989e-01
2.880288028802880e-01  9.794202348281215e-01  -1.417934804945599e-01
2.910291029102910e-01  9.789926656228927e-01  -1.432239142575647e-01
2.940294029402940e-01  9.785608068302024e-01  -1.446529171582708e-01
2.970297029702970e-01  9.781246627638943e-01  -1.460804753288836e-01
3.000300030003000e-01  9.776842377793844e-01  -1.475065749283009e-01
3.030303030303030e-01  9.772395362735790e-01  -1.489312021423561e-01
3.060306030603060e-01  9.767905626847920e-01  -1.503543431840573e-01
3.090309030903090e-01  9.763373214926595e-01  -1.517759842938236e-01
3.120312031203120e-01  9.758798172180536e-01  -1.531961117397179e-01
3.150315031503150e-01  9.754180544229938e-01  -1.546147118176757e-01
3.180318031803180e-01  9.749520377105577e-01  -1.560317708517298e-01
3.210321032103210e-01  9.744817717247884e-01  -1.574472751942308e-01
3.240324032403240e-01  9.740072611506015e-01  -1.588612112260626e-01
3.270327032703270e-01  9.735285107136885e-01  -1.602735653568535e-01
3.300330033003300e-01  9.730455251805324e-01  -1.616843240255211e-01
3.330333033303330e-01  9.725583093584834e-01  -1.630934737010328e-01
3.360336033603360e-01  9.720668680952433e-01  -1.645010008813664e-01
3.390339033903390e-01  9.715712062789807e-01  -1.659068920943202e-01
3.420342034203420e-01  9.710713288382513e-01  -1.673111338977843e-01
3.450345034503450e-01  9.705672407419045e-01  -1.687137128799694e-01
3.480348034803480e-01  9.700589469989892e-01  -1.701146156596369e-01
3.510351035103510e-01  9.695464526586605e-01  -1.715138288863276e-01
3.540354035403540e-01  9.690297628100837e-01  -1.729113392405916e-01
3.570357035703570e-01  9.685088825823407e-01  -1.743071334342171e-01
3.600360036003600e-01  9.679838171443336e-01  -1.757011982104596e-01
3.630363036303630e-01  9.674545717046897e-01  -1.770935203442704e-01
3.660366036603660e-01  9.669211515116650e-01  -1.784840866425256e-01
3.690369036903690e-01  9.663835618530480e-01  -1.798728839442537e-01
3.720372037203720e-01  9.658418080560617e-01  -1.812598991208638e-01
3.750375037503750e-01  9.652958954872672e-01  -1.826451190763723e-01
3.780378037803780e-01  9.647458295524652e-01  -1.840285307476301e-01
3.810381038103810e-01  9.641916156965972e-01  -1.854101211045490e-01
3.840384038403840e-01  9.636332594036464e-01  -1.867898771503265e-01
3.870387038703870e-01  9.630707661965386e-01  -1.881677859216714e-01
3.900390039003900e-01  9.625041416370415e-01  -1.895438344890275e-01
3.930393039303930e-01  9.619333913256637e-01  -1.909180099567973e-01
3.960396039603960e-01  9.613585209015534e-01  -1.922902994635644e-01
3.990399039903990e-01  9.607795360423964e-01  -1.936606901823149e-01
4.020402040204020e-01  9.601964424643132e-01  -1.950291693206582e-01
4.050405040504050e-01  9.596092459217553e-01  -1.963957241210468e-01
4.080408040804080e-01  9.590179522074013e-01  -1.977603418609946e-01
4.110411041104110e-01  9.584225671520514e-01  -1.991230098532945e-01
4.140414041404140e-01  9.578230966245230e-01  -2.004837154462348e-01
4.170417041704170e-01  9.572195465315427e-01  -2.018424460238137e-01
4.200420042004200e-01  9.566119228176402e-01  -2.031991890059536e-01
4.230423042304230e-01  9.560002314650393e-01  -2.045539318487134e-01
4.260426042604260e-01  9.553844784935503e-01  -2.059066620444992e-01
4.290429042904290e-01  9.547646699604589e-01  -2.072573671222740e-01
4.320432043204320e-01  9.541408119604168e-01  -2.086060346477658e-01
4.350435043504350e-01  9.535129106253292e-01  -2.099526522236739e-01
4.380438043804380e-01  9.528809721242429e-01  -2.112972074898738e-01
4.410441044104410e-01  9.522450026632334e-01  -2.126396881236204e-01
4.440444044404440e-01  9.516050084852896e-01  -2.139800818397493e-01
4.470447044704470e-01  9.509609958701994e-01  -2.153183763908764e-01
4.500450045004500e-01  9.503129711344330e-01  -2.166545595675959e-01
4.530453045304530e-01  9.496609406310260e-01  -2.179886191986756e-01
4.560456045604560e-01  9.490049107494606e-01  -2.193205431512518e-01
4.590459045904590e-01  9.483448879155467e-01  -2.206503193310201e-01
4.620462046204620e-01  9.476808785913013e-01  -2.219779356824259e-01
4.650465046504650e-01  9.470128892748272e-01  -2.233033801888521e-01
4.680468046804680e-01  9.463409265001896e-01  -2.246266408728042e-01
4.710471047104710e-01  9.456649968372934e-01  -2.259477057960939e-01
4.740474047404740e-01  9.449851068917700e-01  -2.272665630600469e-01
4.770477047704770e-01  9.443012633052970e-01  -2.285832008066506e-01
4.800480048004800e-01  9.436134727549816e-01  -2.298976072176711e-01
4.830483048304830e-01  9.429217419531566e-01  -2.312097705146587e-01
4.860486048604860e-01  9.422260776474393e-01  -2.325196789595284e-01
4.890489048904890e-01  9.415264866206097e-01  -2.338273208547475e-01
4.920492049204920e-01  9.408229756904872e-01  -2.351326845435223e-01
4.950495049504950e-01  9.401155517098078e-01  -2.364357584099834e-01
4.980498049804980e-01  9.394042215660994e-01  -2.377365308793709e-01
5.010501050105011e-01  9.386889921815584e-01  -2.390349904182177e-01
5.040504050405040e-01  9.379698705129247e-01  -2.403311255345328e-01
5.070507050705070e-01  9.372468635513560e-01  -2.416249247779831e-01
5.100510051005100e-01  9.365199783223025e-01  -2.429163767400743e-01
5.130513051305130e-01  9.357892218853807e-01  -2.442054700543305e-01
5.160516051605161e-01  9.350546013342463e-01  -2.454921933964740e-01
5.190519051905190e-01  9.343161237964676e-01  -2.467765354846026e-01
5.220522052205220e-01  9.335737964333972e-01  -2.480584850793667e-01
5.250525052505250e-01  9.328276264400446e-01  -2.493380309841456e-01
5.280528052805280e-01  9.320776210449465e-01  -2.506151620452220e-01
5.310531053105311e-01  9.313237875100392e-01  -2.518898671519560e-01
5.340534053405340e-01  9.305661331305276e-01  -2.531621352369584e-01
5.370537053705370e-01  9.298046652347560e-01  -2.544319552762615e-01
5.400540054005400e-01  9.290393911840773e-01  -2.556993162894911e-01
5.430543054305430e-01  9.282703183727220e-01  -2.569642073400347e-01
5.460546054605461e-01  9.274974542276667e-01  -2.582266175352115e-01
5.490549054905490e-01  9.267208062085022e-01  -2.594865360264387e-01
5.520552055205520e-01  9.259403818073011e-01  -2.607439520093983e-01
5.550555055505551e-01  9.251561885484848e-01  -2.619988547242024e-01
5.580558055805580e-01  9.243682339886901e-01  -2.632512334555569e-01
5.610561056105611e-01  9.235765257166354e-01  -2.645010775329250e-01
5.640564056405640e-01  9.227810713529863e-01  -2.657483763306884e-01
5.670567056705670e-01  9.219818785502210e-01  -2.669931192683081e-01
5.700570057005701e-01  9.211789549924944e-01  -2.682352958104842e-01
5.730573057305730e-01  9.203723083955033e-01  -2.694748954673135e-01
5.760576057605760e-01  9.195619465063496e-01  -2.707119077944471e-01
5.790579057905790e-01  9.187478771034030e-01  -2.719463223932462e-01
5.820582058205820e-01  9.179301079961653e-01  -2.731781289109362e-01
5.850585058505851e-01  9.171086470251312e-01  -2.744073170407609e-01
5.880588058805880e-01  9.162835020616512e-01  -2.756338765221340e-01
5.910591059105910e-01  9.154546810077928e-01  -2.768577971407906e-01
5.940594059405940e-01  9.146221917962009e-01  -2.780790687289363e-01
5.970597059705970e-01  9.137860423899590e-01  -2.792976811653961e-01
6.000600060006001e-01  9.129462407824485e-01  -2.805136243757611e-01
6.030603060306030e-01  9.121027949972088e-01  -2.817268883325347e-01
6.060606060606060e-01  9.112557130877961e-01  -2.829374630552769e-01
6.090609060906090e-01  9.104050031376418e-01  -2.841453386107478e-01
6.120612061206120e-01  9.095506732599108e-01  -2.853505051130488e-01
6.150615061506151e-01  9.086927315973592e-01  -2.865529527237642e-01
6.180618061806180e-01  9.078311863221912e-01  -2.877526716520997e-01
6.210621062106210e-01  9.069660456359161e-01  -2.889496521550202e-01
6.240624062406240e-01  9.060973177692043e-01  -2.901438845373872e-01
6.270627062706270e-01  9.052250109817432e-01  -2.913353591520926e-01
6.300630063006301e-01  9.043491335620922e-01  -2.925240664001940e-01
6.330633063306330e-01  9.034696938275382e-01  -2.937099967310456e-01
6.360636063606360e-01  9.025867001239489e-01  -2.948931406424302e-01
6.390639063906390e-01  9.017001608256277e-01  -2.960734886806883e-01
6.420642064206420e-01  9.008100843351666e-01  -2.972510314408462e-01
6.450645064506451e-01  8.999164790832993e-01  -2.984257595667431e-01
6.480648064806480e-01  8.990193535287535e-01  -2.995976637511556e-01
6.510651065106510e-01  8.981187161581031e-01  -3.007667347359223e-01
6.540654065406540e-01  8.972145754856198e-01  -3.019329633120656e-01
6.570657065706570e-01  8.963069400531241e-01  -3.030963403199127e-01
6.600660066006601e-01  8.953958184298356e-01  -3.042568566492149e-01
6.630663066306630e-01  8.944812192122241e-01  -3.054145032392657e-01
6.660666066606660e-01  8.935631510238582e-01  -3.065692710790168e-01
6.690669066906690e-01  8.926416225152550e-01  -3.077211512071932e-01
6.720672067206720e-01  8.917166423637292e-01  -3.088701347124063e-01
6.750675067506751e-01  8.907882192732407e-01  -3.100162127332659e-01
6.780678067806780e-01  8.898563619742431e-01  -3.111593764584900e-01
6.810681068106810e-01  8.889210792236976e-01  -3.122996171275823e-01
6.840684068406840e-01  8.879823798049032e-01  -3.134369260306945e-01
6.870687068706870e-01  8.870402725270776e-01  -3.145712945079185e-01
6.900690069006901e-01  8.860947662253346e-01  -3.157027139499483e-01
6.930693069306930e-01  8.851458697605344e-01  -3.168311757981874e-01
6.960696069606960e-01  8.841935920191324e-01  -3.179566715448571e-01
6.990699069906990e-01  8.832379419130272e-01  -3.190791927331009e-01
7.020702070207020e-01  8.822789283794094e-01  -3.201987309570892e-01
7.050705070507051e-01  8.813165603806086e-01  -3.213152778621223e-01
7.080708070807080e-01  8.803508469039414e-01  -3.224288251447321e-01
7.110711071107110e-01  8.793817969615576e-01  -3.235393645527825e-01
7.140714071407140e-01  8.784094195902872e-01  -3.246468878855686e-01
7.170717071707170e-01  8.774337238514867e-01  -3.257513869939151e-01
7.200720072007201e-01  8.764547188308842e-01  -3.268528537802723e-01
7.230723072307230e-01  8.754724136384260e-01  -3.279512801988123e-01
7.260726072607260e-01  8.744868174081205e-01  -3.290466582555226e-01
7.290729072907290e-01  8.734979392978840e-01  -3.301389800082996e-01
7.320732073207320e-01  8.725057884893843e-01  -3.312282375670398e-01
7.350735073507351e-01  8.715103741878857e-01  -3.323144230937304e-01
7.380738073807380e-01  8.705117056220918e-01  -3.333975288025386e-01
7.410741074107410e-01  8.695097920439899e-01  -3.344775469598993e-01
7.440744074407440e-01  8.685046427286935e-01  -3.355544698846019e-01
7.470747074707470e-01  8.674962669742856e-01  -3.366282899478754e-01
7.500750075007501e-01  8.664846741016610e-01  -3.376989995734727e-01
7.530753075307530e-01  8.654698734543685e-01  -3.387665912377535e-01
7.560756075607560e-01  8.644518743984537e-01  -3.398310574697657e-01
7.590759075907590e-01  8.634306863222995e-01  -3.408923908513257e-01
7.620762076207620e-01  8.624063186364683e-01  -3.419505840170972e-01
7.650765076507651e-01  8.613787807735432e-01  -3.430056296546697e-01
7.680768076807680e-01  8.603480821879688e-01  -3.440575205046340e-01
7.710771077107710e-01  8.593142323558917e-01  -3.451062493606579e-01
7.740774077407740e-01  8.582772407750010e-01  -3.461518090695603e-01
7.770777077707770e-01  8.572371169643692e-01  -3.471941925313833e-01
7.800780078007801e-01  8.561938704642911e-01  -3.482333926994640e-01
7.830783078307830e-01  8.551475108361239e-01  -3.492694025805043e-01
7.860786078607860e-01  8.540980476621276e-01  -3.503022152346400e-01
7.890789078907890e-01  8.530454905453029e-01  -3.513318237755080e-01
7.920792079207920e-01  8.519898491092311e-01  -3.523582213703128e-01
7.950795079507951e-01  8.509311329979135e-01  -3.533814012398911e-01
7.980798079807980e-01  8.498693518756086e-01  -3.544013566587760e-01
8.010801080108010e-01  8.488045154266727e-01  -3.554180809552589e-01
8.040804080408041e-01  8.477366333553961e-01  -3.564315675114508e-01
8.070807080708070e-01  8.466657153858431e-01  -3.574418097633419e-01
8.100810081008101e-01  8.455917712616889e-01  -3.584488012008608e-01
8.130813081308130e-01  8.445148107460582e-01  -3.594525353679305e-01
8.160816081608160e-01  8.434348436213620e-01  -3.604530058625257e-01
8.190819081908191e-01  8.423518796891362e-01  -3.614502063367265e-01
8.220822082208220e-01  8.412659287698782e-01  -3.624441304967720e-01
8.250825082508251e-01  8.401770007028848e-01  -3.634347721031126e-01
8.280828082808280e-01  8.390851053460892e-01  -3.644221249704605e-01
8.310831083108310e-01  8.379902525758973e-01  -3.654061829678391e-01
8.340834083408341e-01  8.368924522870261e-01  -3.663869400186314e-01
8.370837083708370e-01  8.357917143923392e-01  -3.673643901006267e-01
8.400840084008401e-01  8.346880488226842e-01  -3.683385272460664e-01
8.430843084308430e-01  8.335814655267292e-01  -3.693093455416878e-01
8.460846084608460e-01  8.324719744707991e-01  -3.702768391287677e-01
8.490849084908491e-01  8.313595856387125e-01  -3.712410022031636e-01
8.520852085208520e-01  8.302443090316177e-01  -3.722018290153539e-01
8.550855085508551e-01  8.291261546678292e-01  -3.731593138704777e-01
8.580858085808580e-01  8.280051325826642e-01  -3.741134511283718e-01
8.610861086108610e-01  8.268812528282780e-01  -3.750642352036074e-01
8.640864086408641e-01  8.257545254735009e-01  -3.760116605655255e-01
8.670867086708670e-01  8.246249606036745e-01  -3.769557217382701e-01
8.700870087008701e-01  8.234925683204868e-01  -3.778964133008215e-01
8.730873087308730e-01  8.223573587418090e-01  -3.788337298870266e-01
8.760876087608760e-01  8.212193420015316e-01  -3.797676661856297e-01
8.790879087908791e-01  8.200785282493996e-01  -3.806982169403005e-01
8.820882088208820e-01  8.189349276508495e-01  -3.816253769496614e-01
8.850885088508851e-01  8.177885503868447e-01  -3.825491410673137e-01
8.880888088808880e-01  8.166394066537117e-01  -3.834695042018619e-01
8.910891089108910e-01  8.154875066629756e-01  -3.843864613169373e-01
8.940894089408941e-01  8.143328606411971e-01  -3.853000074312198e-01
8.970897089708970e-01  8.131754788298078e-01  -3.862101376184588e-01
9.000900090009001e-01  8.120153714849463e-01  -3.871168470074922e-01
9.030903090309030e-01  8.108525488772949e-01  -3.880201307822644e-01
9.060906090609060e-01  8.096870212919147e-01  -3.889199841818438e-01
9.090909090909091e-01  8.085187990280831e-01  -3.898164025004371e-01
9.120912091209120e-01  8.073478923991290e-01  -3.907093810874041e-01
9.150915091509151e-01  8.061743117322695e-01  -3.915989153472698e-01
9.180918091809180e-01  8.049980673684465e-01  -3.924850007397366e-01
9.210921092109210e-01  8.038191696621628e-01  -3.933676327796936e-01
9.240924092409241e-01  8.026376289813189e-01  -3.942468070372259e-01
9.270927092709270e-01  8.014534557070492e-01  -3.951225191376216e-01
9.300930093009301e-01  8.002666602335595e-01  -3.959947647613782e-01
9.330933093309330e-01  7.990772529678378e-01  -3.968635396443017e-01
9.360936093609360e-01  7.978852443287195e-01  -3.977288395781138e-01
9.390939093909391e-01  7.966906447482307e-01  -3.985906604093284e-01
9.420942094209420e-01  7.954934646709484e-01  -3.994489980395726e-01
9.450945094509451e-01  7.942937145536475e-01  -4.003038484257289e-01
9.480948094809480e-01  7.930914048651369e-01  -4.011552075799350e-01
9.510951095109510e-01  7.918865460860951e-01  -4.020030715695834e-01
9.540954095409541e-01  7.906791487089070e-01  -4.028474365173189e-01
9.570957095709570e-01  7.894692232374988e-01  -4.036882986010352e-01
9.600960096009601e-01  7.882567801871742e-01  -4.045256540538710e-01
9.630963096309630e-01  7.870418300844498e-01  -4.053594991642042e-01
9.660966096609660e-01  7.858243834668909e-01  -4.061898302756444e-01
9.690969096909691e-01  7.846044508829466e-01  -4.070166437870260e-01
9.720972097209720e-01  7.833820428917855e-01  -4.078399361523980e-01
9.750975097509750e-01  7.821571700631306e-01  -4.086597038810145e-01
9.780978097809780e-01  7.809298429770948e-01  -4.094759435373224e-01
9.810981098109810e-01  7.797000722240164e-01  -4.102886517409492e-01
9.840984098409841e-01  7.784678684042933e-01  -4.110978251666889e-01
9.870987098709870e-01  7.772332421282191e-01  -4.119034605444872e-01
9.900990099009900e-01  7.759962040158174e-01  -4.127055546594249e-01
9.930993099309930e-01  7.747567646966774e-01  -4.135041043517009e-01
9.960996099609960e-01  7.735149348097885e-01  -4.142991065166136e-01
9.990999099909991e-01  7.722707250033755e-01  -4.150905581045412e-01
1.002100210021002e+00  7.710241459347335e-01  -4.158784561209208e-01
1.005100510051005e+00  7.697752082700628e-01  -4.166627976262264e-01
1.008100810081008e+00  7.685239226843045e-01  -4.174435797359461e-01
1.011101110111011e+00  7.672702998609743e-01  -4.182207996205577e-01
1.014101410141014e+00  7.660143504919987e-01  -4.189944545055030e-01
1.017101710171017e+00  7.647560852775496e-01  -4.197645416711617e-01
1.020102010201020e+00  7.634955149258792e-01  -4.205310584528234e-01
1.023102310231023e+00  7.622326501531557e-01  -4.212940022406590e-01
1.026102610261026e+00  7.609675016832975e-01  -4.220533704796908e-01
1.029102910291029e+00  7.597000802478098e-01  -4.228091606697613e-01
1.032103210321032e+00  7.584303965856183e-01  -4.235613703655011e-01
1.035103510351035e+00  7.571584614429061e-01  -4.243099971762954e-01
1.038103810381038e+00  7.558842855729482e-01  -4.250550387662500e-01
1.041104110411041e+00  7.546078797359472e-01  -4.257964928541555e-01
1.044104410441044e+00  7.533292546988690e-01  -4.265343572134506e-01
1.047104710471047e+00  7.520484212352785e-01  -4.272686296721845e-01
1.050105010501050e+00  7.507653901251756e-01  -4.279993081129778e-01
1.053105310531053e+00  7.494801721548306e-01  -4.287263904729830e-01
1.056105610561056e+00  7.481927781166209e-01  -4.294498747438428e-01
1.059105910591059e+00  7.469032188088665e-01  -4.301697589716486e-01
1.062106210621062e+00  7.456115050356665e-01  -4.308860412568967e-01
1.065106510651065e+00  7.443176476067365e-01  -4.315987197544439e-01
1.068106810681068e+00  7.430216573372432e-01  -4.323077926734629e-01
1.071107110711071e+00  7.417235450476430e-01  -4.330132582773945e-01
1.074107410741074e+00  7.404233215635179e-01  -4.337151148839011e-01
1.077107710771077e+00  7.391209977154125e-01  -4.344133608648174e-01
1.080108010801080e+00  7.378165843386721e-01  -4.351079946461005e-01
1.083108310831083e+00  7.365100922732790e-01  -4.357990147077796e-01
1.086108610861086e+00  7.352015323636907e-01  -4.364864195839036e-01
1.089108910891089e+00  7.338909154586775e-01  -4.371702078624883e-01
1.092109210921092e+00  7.325782524111605e-01  -4.378503781854621e-01
1.095109510951095e+00  7.312635540780502e-01  -4.385269292486113e-01
1.098109810981098e+00  7.299468313200839e-01  -4.391998598015232e-01
1.101110111011101e+00  7.286280950016653e-01  -4.398691686475297e-01
1.104110411041104e+00  7.273073559907027e-01  -4.405348546436481e-01
1.107110711071107e+00  7.259846251584484e-01  -4.411969167005225e-01
1.110111011101110e+00  7.246599133793382e-01  -4.418553537823627e-01
1.113111311131113e+00  7.233332315308303e-01  -4.425101649068832e-01
1.116111611161116e+00  7.220045904932456e-01  -4.431613491452404e-01
1.119111911191119e+00  7.206740011496078e-01  -4.438089056219693e-01
1.122112211221122e+00  7.193414743854833e-01  -4.444528335149184e-01
1.125112511251125e+00  7.180070210888229e-01  -4.450931320551846e-01
1.128112811281128e+00  7.166706521498009e-01  -4.457298005270461e-01
1.131113111311131e+00  7.153323784606580e-01  -4.463628382678949e-01
1.134113411341134e+00  7.139922109155419e-01  -4.469922446681680e-01
1.137113711371137e+00  7.126501604103492e-01  -4.476180191712777e-01
1.140114011401140e+00  7.113062378425679e-01  -4.482401612735404e-01
1.143114311431143e+00  7.099604541111191e-01  -4.488586705241052e-01
1.146114611461146e+00  7.086128201162003e-01  -4.494735465248811e-01
1.149114911491149e+00  7.072633467591281e-01  -4.500847889304627e-01
1.152115211521152e+00  7.059120449421820e-01  -4.506923974480556e-01
1.155115511551155e+00  7.045589255684477e-01  -4.512963718374006e-01
1.158115811581158e+00  7.032039995416618e-01  -4.518967119106966e-01
1.161116111611161e+00  7.018472777660552e-01  -4.524934175325226e-01
1.164116411641164e+00  7.004887711461990e-01  -4.530864886197593e-01
1.167116711671167e+00  6.991284905868492e-01  -4.536759251415086e-01
1.170117011701170e+00  6.977664469927921e-01  -4.542617271190129e-01
1.173117311731173e+00  6.964026512686906e-01  -4.548438946255735e-01
1.176117611761176e+00  6.950371143189303e-01  -4.554224277864671e-01
1.179117911791179e+00  6.936698470474665e-01  -4.559973267788626e-01
1.182118211821182e+00  6.923008603576706e-01  -4.565685918317355e-01
1.185118511851185e+00  6.909301651521785e-01  -4.571362232257829e-01
1.188118811881188e+00  6.895577723327387e-01  -4.577002212933357e-01
1.191119111911191e+00  6.881836928000595e-01  -4.582605864182716e-01
1.194119411941194e+00  6.868079374536590e-01  -4.588173190359258e-01
1.197119711971197e+00  6.854305171917137e-01  -4.593704196330016e-01
1.200120012001200e+00  6.840514429109086e-01  -4.599198887474795e-01
1.203120312031203e+00  6.826707255062872e-01  -4.604657269685250e-01
1.206120612061206e+00  6.812883758707579e-01  -4.610079349365446e-01
1.209120912091209e+00  6.799044048937448e-01  -4.615465133436207e-01
1.212121212121212e+00  6.785188234637783e-01  -4.620814629322439e-01
1.215121512151215e+00  6.771316424672899e-01  -4.626127844956486e-01
1.218121812181218e+00  6.757428727882400e-01  -4.631404788778115e-01
1.221122112211221e+00  6.743525253079674e-01  -4.636645469733570e-01
1.224122412241224e+00  6.729606109050394e-01  -4.641849897274607e-01
1.227122712271227e+00  6.715671404551015e-01  -4.647018081357519e-01
1.230123012301230e+00  6.701721248307273e-01  -4.652150032442165e-01
1.233123312331233e+00  6.687755749012705e-01  -4.657245761490975e-01
1.236123612361236e+00  6.673775015327134e-01  -4.662305279967959e-01
1.239123912391239e+00  6.659779155875190e-01  -4.667328599837702e-01
1.242124212421242e+00  6.645768279244820e-01  -4.672315733564352e-01
1.245124512451245e+00  6.631742493985797e-01  -4.677266694110599e-01
1.248124812481248e+00  6.617701908608237e-01  -4.682181494936650e-01
1.251125112511251e+00  6.603646631581115e-01  -4.687060149999188e-01
1.254125412541254e+00  6.589576771330783e-01  -4.691902673750331e-01
1.257125712571257e+00  6.575492436239496e-01  -4.696709081136581e-01
1.260126012601260e+00  6.561393734643932e-01  -4.701479387597762e-01
1.263126312631263e+00  6.547280774833723e-01  -4.706213609065953e-01
1.266126612661266e+00  6.533153665049979e-01  -4.710911761964414e-01
1.269126912691269e+00  6.519012513483823e-01  -4.715573863206503e-01
1.272127212721272e+00  6.504857428274926e-01  -4.720199930194582e-01
1.275127512751275e+00  6.490688517510039e-01  -4.724789980818924e-01
1.278127812781278e+00  6.476505889221542e-01  -4.729344033456606e-01
1.281128112811281e+00  6.462309651385978e-01  -4.733862106970392e-01
1.284128412841284e+00  6.448099911922601e-01  -4.738344220707620e-01
1.287128712871287e+00  6.433876778691926e-01  -4.742790394499067e-01
1.290129012901290e+00  6.419640359494275e-01  -4.747200648657818e-01
1.293129312931293e+00  6.405390762068343e-01  -4.751575003978125e-01
1.296129612961296e+00  6.391128094089736e-01  -4.755913481734254e-01
1.299129912991299e+00  6.376852463169552e-01  -4.760216103679329e-01
1.302130213021302e+00  6.362563976852927e-01  -4.764482892044175e-01
1.305130513051305e+00  6.348262742617613e-01  -4.768713869536136e-01
1.308130813081308e+00  6.333948867872542e-01  -4.772909059337909e-01
1.311131113111311e+00  6.319622459956401e-01  -4.777068485106351e-01
1.314131413141314e+00  6.305283626136206e-01  -4.781192170971294e-01
1.317131713171317e+00  6.290932473605885e-01  -4.785280141534344e-01
1.320132013201320e+00  6.276569109484855e-01  -4.789332421867675e-01
1.323132313231323e+00  6.262193640816621e-01  -4.793349037512823e-01
1.326132613261326e+00  6.247806174567351e-01  -4.797330014479462e-01
1.329132913291329e+00  6.233406817624477e-01  -4.801275379244183e-01
1.332133213321332e+00  6.218995676795291e-01  -4.805185158749261e-01
1.335133513351335e+00  6.204572858805548e-01  -4.809059380401422e-01
1.338133813381338e+00  6.190138470298070e-01  -4.812898072070592e-01
1.341134113411341e+00  6.175692617831349e-01  -4.816701262088653e-01
1.344134413441344e+00  6.161235407878165e-01  -4.820468979248185e-01
1.347134713471347e+00  6.146766946824200e-01  -4.824201252801199e-01
1.350135013501350e+00  6.132287340966657e-01  -4.827898112457877e-01
1.353135313531353e+00  6.117796696512886e-01  -4.831559588385286e-01
1.356135613561356e+00  6.103295119579012e-01  -4.835185711206108e-01
1.359135913591359e+00  6.088782716188561e-01  -4.838776511997345e-01
1.362136213621362e+00  6.074259592271105e-01  -4.842332022289028e-01
1.365136513651365e+00  6.059725853660893e-01  -4.845852274062922e-01
1.368136813681368e+00  6.045181606095505e-01  -4.849337299751215e-01
1.371137113711371e+00  6.030626955214493e-01  -4.852787132235211e-01
1.374137413741374e+00  6.016062006558036e-01  -4.856201804844015e-01
1.377137713771377e+00  6.001486865565600e-01  -4.859581351353210e-01
1.380138013801380e+00  5.986901637574594e-01  -4.862925805983526e-01
1.383138313831383e+00  5.972306427819044e-01  -4.866235203399510e-01
1.386138613861386e+00  5.957701341428259e-01  -4.869509578708192e-01
1.389138913891389e+00  5.943086483425500e-01  -4.872748967457730e-01
1.392139213921392e+00  5.928461958726676e-01  -4.875953405636070e-01
1.395139513951395e+00  5.913827872139013e-01  -4.879122929669587e-01
1.398139813981398e+00  5.899184328359750e-01  -4.882257576421725e-01
1.401140114011401e+00  5.884531431974833e-01  -4.885357383191634e-01
1.404140414041404e+00  5.869869287457614e-01  -4.888422387712796e-01
1.407140714071407e+00  5.855197999167550e-01  -4.891452628151652e-01
1.410141014101410e+00  5.840517671348916e-01  -4.894448143106220e-01
1.413141314131413e+00  5.825828408129521e-01  -4.897408971604711e-01
1.416141614161416e+00  5.811130313519418e-01  -4.900335153104134e-01
1.419141914191419e+00  5.796423491409637e-01  -4.903226727488906e-01
1.422142214221422e+00  5.781708045570904e-01  -4.906083735069447e-01
1.425142514251425e+00  5.766984079652381e-01  -4.908906216580778e-01
1.428142814281428e+00  5.752251697180408e-01  -4.911694213181110e-01
1.431143114311431e+00  5.737511001557241e-01  -4.914447766450425e-01
1.434143414341434e+00  5.722762096059799e-01  -4.917166918389066e-01
1.437143714371437e+00  5.708005083838429e-01  -4.919851711416303e-01
1.440144014401440e+00  5.693240067915657e-01  -4.922502188368911e-01
1.443144314431443e+00  5.678467151184960e-01  -4.925118392499737e-01
1.446144614461446e+00  5.663686436409536e-01  -4.927700367476258e-01
1.449144914491449e+00  5.648898026221074e-01  -4.930248157379143e-01
1.452145214521452e+00  5.634102023118548e-01  -4.932761806700809e-01
1.455145514551455e+00  5.619298529466991e-01  -4.935241360343965e-01
1.458145814581458e+00  5.604487647496306e-01  -4.937686863620162e-01
1.461146114611461e+00  5.589669479300051e-01  -4.940098362248334e-01
1.464146414641464e+00  5.574844126834249e-01  -4.942475902353332e-01
1.467146714671467e+00  5.560011691916199e-01  -4.944819530464464e-01
1.470147014701470e+00  5.545172276223297e-01  -4.947129293514017e-01
1.473147314731473e+00  5.530325981291854e-01  -4.949405238835787e-01
1.476147614761476e+00  5.515472908515925e-01  -4.951647414163600e-01
1.479147914791479e+00  5.500613159146147e-01  -4.953855867629829e-01
1.482148214821482e+00  5.485746834288578e-01  -4.956030647763909e-01
1.485148514851485e+00  5.470874034903545e-01  -4.958171803490845e-01
1.488148814881488e+00  5.455994861804498e-01  -4.960279384129720e-01
1.491149114911491e+00  5.441109415648484e-01  -4.962353439393910e-01
1.494149414941494e+00  5.426217796933583e-01  -4.964394019390246e-01
1.497149714971497e+00  5.411320106020345e-01  -4.966401174612777e-01
1.500150015001500e+00  5.396416443117436e-01  -4.968374955943632e-01
1.503150315031503e+00  5.381506908280163e-01  -4.970315414651593e-01
1.506150615061506e+00  5.366591601409326e-01  -4.972222602390590e-01
1.509150915091509e+00  5.351670622250074e-01  -4.974096571198211e-01
1.512151215121512e+00  5.336744070390773e-01  -4.975937373494190e-01
1.515151515151515e+00  5.321812045261866e-01  -4.977745062078903e-01
1.518151815181518e+00  5.306874646134754e-01  -4.979519690131860e-01
1.521152115211521e+00  5.291931972120658e-01  -4.981261311210188e-01
1.524152415241524e+00  5.276984122169506e-01  -4.982969979247120e-01
1.527152715271527e+00  5.262031195068809e-01  -4.984645748550474e-01
1.530153015301530e+00  5.247073289442556e-01  -4.986288673801131e-01
1.533153315331533e+00  5.232110503750096e-01  -4.987898810051517e-01
1.536153615361536e+00  5.217142936285033e-01  -4.989476212724068e-01
1.539153915391539e+00  5.202170685174128e-01  -4.991020937609710e-01
1.542154215421542e+00  5.187193848376199e-01  -4.992533040866322e-01
1.545154515451545e+00  5.172212523681028e-01  -4.994012579017207e-01
1.548154815481548e+00  5.157226808708271e-01  -4.995459608949555e-01
1.551155115511551e+00  5.142236800906371e-01  -4.996874187912901e-01
1.554155415541554e+00  5.127242597551481e-01  -4.998256373517596e-01
1.557155715571557e+00  5.112244295746381e-01  -4.999606223733254e-01
1.560156015601560e+00  5.097241992419407e-01  -5.000923796887214e-01
1.563156315631563e+00  5.082235784323389e-01  -5.002209151662997e-01
1.566156615661566e+00  5.067225768034573e-01  -5.003462347098754e-01
1.569156915691569e+00  5.052212039951575e-01  -5.004683442585719e-01
1.572157215721572e+00  5.037194696294309e-01  -5.005872497866658e-01
1.575157515751575e+00  5.022173833102954e-01  -5.007029573034322e-01
1.578157815781578e+00  5.007149546236890e-01  -5.008154728529884e-01
1.581158115811581e+00  4.992121931373663e-01  -5.009248025141397e-01
1.584158415841584e+00  4.977091084007945e-01  -5.010309524002227e-01
1.587158715871587e+00  4.962057099450496e-01  -5.011339286589499e-01
1.590159015901590e+00  4.947020072827141e-01  -5.012337374722543e-01
1.593159315931593e+00  4.931980099077738e-01  -5.013303850561333e-01
1.596159615961596e+00  4.916937272955159e-01  -5.014238776604919e-01
1.599159915991599e+00  4.901891689024272e-01  -5.015142215689878e-01
1.602160216021602e+00  4.886843441660930e-01  -5.016014230988746e-01
1.605160516051605e+00  4.871792625050963e-01  -5.016854886008453e-01
1.608160816081608e+00  4.856739333189176e-01  -5.017664244588763e-01
1.611161116111611e+00  4.841683659878346e-01  -5.018442370900711e-01
1.614161416141614e+00  4.826625698728233e-01  -5.019189329445035e-01
1.617161716171617e+00  4.811565543154585e-01  -5.019905185050616e-01
1.620162016201620e+00  4.796503286378156e-01  -5.020590002872906e-01
1.623162316231623e+00  4.781439021423729e-01  -5.021243848392368e-01
1.626162616261626e+00  4.766372841119133e-01  -5.021866787412911e-01
1.629162916291629e+00  4.751304838094276e-01  -5.022458886060319e-01
1.632163216321632e+00  4.736235104780180e-01  -5.023020210780691e-01
1.635163516351635e+00  4.721163733408013e-01  -5.023550828338871e-01
1.638163816381638e+00  4.706090816008142e-01  -5.024050805816882e-01
1.641164116411641e+00  4.691016444409172e-01  -5.024520210612367e-01
1.644164416441644e+00  4.675940710237002e-01  -5.024959110437015e-01
1.647164716471647e+00  4.660863704913882e-01  -5.025367573315004e-01
1.650165016501650e+00  4.645785519657476e-01  -5.025745667581430e-01
1.653165316531653e+00  4.630706245479929e-01  -5.026093461880751e-01
1.656165616561656e+00  4.615625973186936e-01  -5.026411025165212e-01
1.659165916591659e+00  4.600544793376825e-01  -5.026698426693295e-01
1.662166216621662e+00  4.585462796439629e-01  -5.026955736028150e-01
1.665166516651665e+00  4.570380072556184e-01  -5.027183023036037e-01
1.668166816681668e+00  4.555296711697212e-01  -5.027380357884761e-01
1.671167116711671e+00  4.540212803622420e-01  -5.027547811042118e-01
1.674167416741674e+00  4.525128437879605e-01  -5.027685453274336e-01
1.677167716771677e+00  4.510043703803754e-01  -5.027793355644519e-01
1.680168016801680e+00  4.494958690516161e-01  -5.027871589511083e-01
1.683168316831683e+00  4.479873486923542e-01  -5.027920226526214e-01
1.686168616861686e+00  4.464788181717155e-01  -5.027939338634306e-01
1.689168916891689e+00  4.449702863371931e-01  -5.027928998070416e-01
1.692169216921692e+00  4.434617620145599e-01  -5.027889277358703e-01
1.695169516951695e+00  4.419532540077830e-01  -5.027820249310890e-01
1.698169816981698e+00  4.404447710989378e-01  -5.027721987024719e-01
1.701170117011701e+00  4.389363220481222e-01  -5.027594563882392e-01
1.704170417041704e+00  4.374279155933727e-01  -5.027438053549040e-01
1.707170717071707e+00  4.359195604505793e-01  -5.027252529971180e-01
1.710171017101710e+00  4.344112653134025e-01  -5.027038067375168e-01
1.713171317131713e+00  4.329030388531899e-01  -5.026794740265673e-01
1.716171617161716e+00  4.313948897188936e-01  -5.026522623424132e-01
1.719171917191719e+00  4.298868265369880e-01  -5.026221791907224e-01
1.722172217221722e+00  4.283788579113882e-01  -5.025892321045332e-01
1.725172517251725e+00  4.268709924233691e-01  -5.025534286441025e-01
1.728172817281728e+00  4.253632386314851e-01  -5.025147763967520e-01
1.731173117311731e+00  4.238556050714896e-01  -5.024732829767171e-01
1.734173417341734e+00  4.223481002562561e-01  -5.024289560249939e-01
1.737173717371737e+00  4.208407326756992e-01  -5.023818032091877e-01
1.740174017401740e+00  4.193335107966958e-01  -5.023318322233615e-01
1.743174317431743e+00  4.178264430630084e-01  -5.022790507878852e-01
1.746174617461746e+00  4.163195378952068e-01  -5.022234666492835e-01
1.749174917491749e+00  4.148128036905919e-01  -5.021650875800867e-01
1.752175217521752e+00  4.133062488231197e-01  -5.021039213786792e-01
1.755175517551755e+00  4.117998816433253e-01  -5.020399758691499e-01
1.758175817581758e+00  4.102937104782488e-01  -5.019732589011429e-01
1.761176117611761e+00  4.087877436313596e-01  -5.019037783497072e-01
1.764176417641764e+00  4.072819893824836e-01  -5.018315421151488e-01
1.767176717671767e+00  4.057764559877294e-01  -5.017565581228811e-01
1.770177017701770e+00  4.042711516794154e-01  -5.016788343232769e-01
1.773177317731773e+00  4.027660846659986e-01  -5.015983786915206e-01
1.776177617761776e+00  4.012612631320016e-01  -5.015151992274602e-01
1.779177917791779e+00  3.997566952379425e-01  -5.014293039554606e-01
1.782178217821782e+00  3.982523891202645e-01  -5.013407009242564e-01
1.785178517851785e+00  3.967483528912653e-01  -5.012493982068054e-01
1.788178817881788e+00  3.952445946390288e-01  -5.011554039001429e-01
1.791179117911791e+00  3.937411224267885e-01  -5.010587261250198e-01
1.794179417941794e+00  3.922379442922150e-01  -5.009593730256432e-01
1.797179717971797e+00  3.907350682498030e-01  -5.008573527704566e-01
1.800180018001800e+00  3.892325022895833e-01  -5.007526735513942e-01
1.803180318031803e+00  3.877302543769658e-01  -5.006453435837031e-01
1.806180618061806e+00  3.862283324526698e-01  -5.005353711058026e-01
1.809180918091809e+00  3.847267444326557e-01  -5.004227643791443e-01
1.812181218121812e+00  3.832254982080567e-01  -5.003075316880722e-01
1.815181518151815e+00  3.817246016451109e-01  -5.001896813396820e-01
1.818181818181818e+00  3.802240625850938e-01  -5.000692216636830e-01
1.821182118211821e+00  3.787238888442514e-01  -4.999461610122578e-01
1.824182418241824e+00  3.772240882137332e-01  -4.998205077599241e-01
1.827182718271827e+00  3.757246684595260e-01  -4.996922703033960e-01
1.830183018301830e+00  3.742256373223881e-01  -4.995614570614454e-01
1.833183318331833e+00  3.727270025177843e-01  -4.994280764747646e-01
1.836183618361836e+00  3.712287717358195e-01  -4.992921370058286e-01
1.839183918391839e+00  3.697309526411751e-01  -4.991536471387581e-01
1.842184218421842e+00  3.682335528730443e-01  -4.990126153791826e-01
1.845184518451845e+00  3.667365800450677e-01  -4.988690502541040e-01
1.848184818481848e+00  3.652400417452708e-01  -4.987229603117615e-01
1.851185118511851e+00  3.637439455359996e-01  -4.985743541214952e-01
1.854185418541854e+00  3.622482989538585e-01  -4.984232402736119e-01
1.857185718571857e+00  3.607531095096475e-01  -4.982696273792503e-01
1.860186018601860e+00  3.592583846883005e-01  -4.981135240702472e-01
1.863186318631863e+00  3.577641319488233e-01  -4.979549389990042e-01
1.866186618661866e+00  3.562703587242325e-01  -4.977938808383544e-01
1.869186918691869e+00  3.547770724214943e-01  -4.976303582814305e-01
1.872187218721872e+00  3.532842804214643e-01  -4.974643800415332e-01
1.875187518751875e+00  3.517919900788268e-01  -4.972959548519992e-01
1.878187818781878e+00  3.503002087220357e-01  -4.971250914660717e-01
1.881188118811881e+00  3.488089436532542e-01  -4.969517986567697e-01
1.884188418841884e+00  3.473182021482964e-01  -4.967760852167589e-01
1.887188718871887e+00  3.458279914565681e-01  -4.965979599582233e-01
1.890189018901890e+00  3.443383188010085e-01  -4.964174317127369e-01
1.893189318931893e+00  3.428491913780328e-01  -4.962345093311366e-01
1.896189618961896e+00  3.413606163574737e-01  -4.960492016833955e-01
1.899189918991899e+00  3.398726008825245e-01  -4.958615176584971e-01
1.902190219021902e+00  3.383851520696824e-01  -4.956714661643103e-01
1.905190519051905e+00  3.368982770086912e-01  -4.954790561274648e-01
1.908190819081908e+00  3.354119827624864e-01  -4.952842964932276e-01
1.911191119111911e+00  3.339262763671378e-01  -4.950871962253801e-01
1.914191419141914e+00  3.324411648317950e-01  -4.948877643060964e-01
1.917191719171917e+00  3.309566551386319e-01  -4.946860097358218e-01
1.920192019201920e+00  3.294727542427920e-01  -4.944819415331525e-01
1.923192319231923e+00  3.279894690723341e-01  -4.942755687347163e-01
1.926192619261926e+00  3.265068065281776e-01  -4.940669003950536e-01
1.929192919291929e+00  3.250247734840494e-01  -4.938559455865001e-01
1.932193219321932e+00  3.235433767864300e-01  -4.936427133990697e-01
1.935193519351935e+00  3.220626232545010e-01  -4.934272129403389e-01
1.938193819381938e+00  3.205825196800913e-01  -4.932094533353312e-01
1.941194119411941e+00  3.191030728276263e-01  -4.929894437264038e-01
1.944194419441944e+00  3.176242894340742e-01  -4.927671932731341e-01
1.947194719471947e+00  3.161461762088953e-01  -4.925427111522079e-01
1.950195019501950e+00  3.146687398339904e-01  -4.923160065573082e-01
1.953195319531953e+00  3.131919869636494e-01  -4.920870886990052e-01
1.956195619561956e+00  3.117159242245012e-01  -4.918559668046473e-01
1.959195919591959e+00  3.102405582154628e-01  -4.916226501182533e-01
1.962196219621962e+00  3.087658955076893e-01  -4.913871479004054e-01
1.965196519651965e+00  3.072919426445244e-01  -4.911494694281435e-01
1.968196819681968e+00  3.058187061414510e-01  -4.909096239948603e-01
1.971197119711971e+00  3.043461924860420e-01  -4.906676209101981e-01
1.974197419741974e+00  3.028744081379114e-01  -4.904234694999465e-01
1.977197719771977e+00  3.014033595286661e-01  -4.901771791059403e-01
1.980198019801980e+00  2.999330530618578e-01  -4.899287590859607e-01
1.983198319831983e+00  2.984634951129351e-01  -4.896782188136351e-01
1.986198619861986e+00  2.969946920291963e-01  -4.894255676783404e-01
1.989198919891989e+00  2.955266501297417e-01  -4.891708150851062e-01
1.992199219921992e+00  2.940593757054274e-01  -4.889139704545194e-01
1.995199519951995e+00  2.925928750188185e-01  -4.886550432226304e-01
1.998199819981998e+00  2.911271543041425e-01  -4.883940428408604e-01
2.001200120012001e+00  2.896622197672446e-01  -4.881309787759100e-01
2.004200420042004e+00  2.881980775855405e-01  -4.878658605096691e-01
2.007200720072007e+00  2.867347339079729e-01  -4.875986975391280e-01
2.010201020102010e+00  2.852721948549645e-01  -4.873294993762902e-01
2.013201320132013e+00  2.838104665183755e-01  -4.870582755480862e-01
2.016201620162016e+00  2.823495549614574e-01  -4.867850355962884e-01
2.019201920192019e+00  2.808894662188104e-01  -4.865097890774286e-01
2.022202220222022e+00  2.794302062963390e-01  -4.862325455627154e-01
2.025202520252025e+00  2.779717811712080e-01  -4.859533146379538e-01
2.028202820282028e+00  2.765141967918008e-01  -4.856721059034667e-01
2.031203120312031e+00  2.750574590776748e-01  -4.853889289740163e-01
2.034203420342034e+00  2.736015739195204e-01  -4.851037934787289e-01
2.037203720372037e+00  2.721465471791184e-01  -4.848167090610200e-01
2.040204020402040e+00  2.706923846892968e-01  -4.845276853785208e-01
2.043204320432043e+00  2.692390922538911e-01  -4.842367321030069e-01
2.046204620462046e+00  2.677866756477013e-01  -4.839438589203285e-01
2.049204920492049e+00  2.663351406164516e-01  -4.836490755303413e-01
2.052205220522052e+00  2.648844928767500e-01  -4.833523916468400e-01
2.055205520552055e+00  2.634347381160463e-01  -4.830538169974925e-01
2.058205820582058e+00  2.619858819925939e-01  -4.827533613237769e-01
2.061206120612061e+00  2.605379301354079e-01  -4.824510343809187e-01
2.064206420642064e+00  2.590908881442271e-01  -4.821468459378306e-01
2.067206720672067e+00  2.576447615894737e-01  -4.818408057770536e-01
2.070207020702070e+00  2.561995560122140e-01  -4.815329236946997e-01
2.073207320732073e+00  2.547552769241207e-01  -4.812232095003971e-01
2.076207620762076e+00  2.533119298074331e-01  -4.809116730172355e-01
2.079207920792079e+00  2.518695201149197e-01  -4.805983240817147e-01
2.082208220822082e+00  2.504280532698404e-01  -4.802831725436943e-01
2.085208520852085e+00  2.489875346659072e-01  -4.799662282663446e-01
2.088208820882088e+00  2.475479696672493e-01  -4.796475011261007e-01
2.091209120912091e+00  2.461093636083732e-01  -4.793270010126167e-01
2.094209420942094e+00  2.446717217941283e-01  -4.790047378287232e-01
2.097209720972097e+00  2.432350494996688e-01  -4.786807214903855e-01
2.100210021002100e+00  2.417993519700842e-01  -4.783549619262858e-01
2.103210321032103e+00  2.403646344195862e-01  -4.780274690771347e-01
2.106210621062106e+00  2.389309020335458e-01  -4.776982528980314e-01
2.109210921092109e+00  2.374981599675612e-01  -4.773673233571286e-01
2.112211221122112e+00  2.360664133472952e-01  -4.770346904354614e-01
2.115211521152115e+00  2.346356672684365e-01  -4.767003641269330e-01
2.118211821182118e+00  2.332059267966636e-01  -4.763643544383021e-01
2.121212121212121e+00  2.317771969676052e-01  -4.760266713891704e-01
2.124212421242124e+00  2.303494827868044e-01  -4.756873250119722e-01
2.127212721272127e+00  2.289227892296798e-01  -4.753463253519647e-01
2.130213021302130e+00  2.274971212414880e-01  -4.750036824672198e-01
2.133213321332133e+00  2.260724837372863e-01  -4.746594064286179e-01
2.136213621362136e+00  2.246488816018943e-01  -4.743135073198430e-01
2.139213921392139e+00  2.232263196898570e-01  -4.739659952373791e-01
2.142214221422142e+00  2.218048028254068e-01  -4.736168802905101e-01
2.145214521452145e+00  2.203843358024246e-01  -4.732661726013193e-01
2.148214821482148e+00  2.189649233844037e-01  -4.729138823046932e-01
2.151215121512151e+00  2.175465703044100e-01  -4.725600195483259e-01
2.154215421542154e+00  2.161292812650457e-01  -4.722045944927272e-01
2.157215721572157e+00  2.147130609384103e-01  -4.718476173112319e-01
2.160216021602160e+00  2.132979139660617e-01  -4.714890981900126e-01
2.163216321632163e+00  2.118838449589797e-01  -4.711290473280941e-01
2.166216621662166e+00  2.104708584975260e-01  -4.707674749373720e-01
2.169216921692169e+00  2.090589591314067e-01  -4.704043912426327e-01
2.172217221722172e+00  2.076481513796334e-01  -4.700398064815777e-01
2.175217521752175e+00  2.062384397304838e-01  -4.696737309048495e-01
2.178217821782178e+00  2.048298286414641e-01  -4.693061747760626e-01
2.181218121812181e+00  2.034223225392686e-01  -4.689371483718359e-01
2.184218421842184e+00  2.020159258197418e-01  -4.685666619818299e-01
2.187218721872187e+00  2.006106428478382e-01  -4.681947259087873e-01
2.190219021902190e+00  1.992064779575830e-01  -4.678213504685757e-01
2.193219321932193e+00  1.978034354520325e-01  -4.674465459902368e-01
2.196219621962196e+00  1.964015196032341e-01  -4.670703228160369e-01
2.199219921992199e+00  1.950007346521864e-01  -4.666926913015229e-01
2.202220222022202e+00  1.936010848087991e-01  -4.663136618155819e-01
2.205220522052205e+00  1.922025742518517e-01  -4.659332447405049e-01
2.208220822082208e+00  1.908052071289540e-01  -4.655514504720553e-01
2.211221122112211e+00  1.894089875565040e-01  -4.651682894195411e-01
2.214221422142214e+00  1.880139196196476e-01  -4.647837720058927e-01
2.217221722172217e+00  1.866200073722370e-01  -4.643979086677437e-01
2.220222022202220e+00  1.852272548367886e-01  -4.640107098555186e-01
2.223222322232223e+00  1.838356660044418e-01  -4.636221860335236e-01
2.226222622262226e+00  1.824452448349159e-01  -4.632323476800429e-01
2.229222922292229e+00  1.810559952564686e-01  -4.628412052874409e-01
2.232223222322232e+00  1.796679211658533e-01  -4.624487693622685e-01
2.235223522352235e+00  1.782810264282743e-01  -4.620550504253751e-01
2.238223822382238e+00  1.768953148773461e-01  -4.616600590120264e-01
2.241224122412241e+00  1.755107903150475e-01  -4.612638056720272e-01
2.244224422442244e+00  1.741274565116791e-01  -4.608663009698504e-01
2.247224722472247e+00  1.727453172058186e-01  -4.604675554847710e-01
2.250225022502250e+00  1.713643761042752e-01  -4.600675798110070e-01
2.253225322532253e+00  1.699846368820466e-01  -4.596663845578655e-01
2.256225622562256e+00  1.686061031822717e-01  -4.592639803498946e-01
2.259225922592259e+00  1.672287786161863e-01  -4.588603778270433e-01
2.262226222622262e+00  1.658526667630767e-01  -4.584555876448251e-01
2.265226522652265e+00  1.644777711702324e-01  -4.580496204744903e-01
2.268226822682268e+00  1.631040953529011e-01  -4.576424870032036e-01
2.271227122712271e+00  1.617316427942395e-01  -4.572341979342286e-01
2.274227422742274e+00  1.603604169452673e-01  -4.568247639871196e-01
2.277227722772277e+00  1.589904212248187e-01  -4.564141958979194e-01
2.280228022802280e+00  1.576216590194933e-01  -4.560025044193644e-01
2.283228322832283e+00  1.562541336836085e-01  -4.555897003210977e-01
2.286228622862286e+00  1.548878485391489e-01  -4.551757943898876e-01
2.289228922892289e+00  1.535228068757178e-01  -4.547607974298555e-01
2.292229222922292e+00  1.521590119504867e-01  -4.543447202627094e-01
2.295229522952295e+00  1.507964669881438e-01  -4.539275737279859e-01
2.298229822982298e+00  1.494351751808443e-01  -4.535093686833001e-01
2.301230123012301e+00  1.480751396881576e-01  -4.530901160046023e-01
2.304230423042304e+00  1.467163636370165e-01  -4.526698265864433e-01
2.307230723072307e+00  1.453588501216634e-01  -4.522485113422480e-01
2.310231023102310e+00  1.440026022035982e-01  -4.518261812045958e-01
2.313231323132313e+00  1.426476229115249e-01  -4.514028471255108e-01
2.316231623162316e+00  1.412939152412960e-01  -4.509785200767587e-01
2.319231923192319e+00  1.399414821558604e-01  -4.505532110501540e-01
2.322232223222322e+00  1.385903265852058e-01  -4.501269310578738e-01
2.325232523252325e+00  1.372404514257544e-01  -4.496996911328361e-01
2.328232823282328e+00  1.358918595404284e-01  -4.492715023296028e-01
2.331233123312331e+00  1.345445537595787e-01  -4.488423757243825e-01
2.334233423342334e+00  1.331985368802796e-01  -4.484123224151303e-01
2.337233723372337e+00  1.318538116662601e-01  -4.479813535219909e-01
2.340234023402340e+00  1.305103808478411e-01  -4.475494801877463e-01
2.343234323432343e+00  1.291682471218696e-01  -4.471167135782722e-01
2.346234623462346e+00  1.278274131516496e-01  -4.466830648829991e-01
2.349234923492349e+00  1.264878815668756e-01  -4.462485453153854e-01
2.352235223522352e+00  1.251496549635595e-01  -4.458131661133977e-01
2.355235523552355e+00  1.238127359039594e-01  -4.453769385400045e-01
2.358235823582358e+00  1.224771269165051e-01  -4.449398738836816e-01
2.361236123612361e+00  1.211428304957210e-01  -4.445019834589307e-01
2.364236423642364e+00  1.198098491021491e-01  -4.440632786068143e-01
2.367236723672367e+00  1.184781851622681e-01  -4.436237706955058e-01
2.370237023702370e+00  1.171478410684120e-01  -4.431834711208571e-01
2.373237323732373e+00  1.158188191786863e-01  -4.427423913069857e-01
2.376237623762376e+00  1.144911218168806e-01  -4.423005427068804e-01
2.379237923792379e+00  1.131647512723826e-01  -4.418579368030293e-01
2.382238223822382e+00  1.118397098000857e-01  -4.414145851080694e-01
2.385238523852385e+00  1.105159996202985e-01  -4.409704991654604e-01
2.388238823882388e+00  1.091936229186491e-01  -4.405256905501825e-01
2.391239123912391e+00  1.078725818459882e-01  -4.400801708694609e-01
2.394239423942394e+00  1.065528785182909e-01  -4.396339517635175e-01
2.397239723972397e+00  1.052345150165540e-01  -4.391870449063505e-01
2.400240024002400e+00  1.039174933866937e-01  -4.387394620065445e-01
2.403240324032403e+00  1.026018156394383e-01  -4.382912148081110e-01
2.406240624062406e+00  1.012874837502198e-01  -4.378423150913611e-01
2.409240924092409e+00  9.997449965906316e-02  -4.373927746738123e-01
2.412241224122412e+00  9.866286527047217e-02  -4.369426054111286e-01
2.415241524152415e+00  9.735258245331396e-02  -4.364918191980975e-01
2.418241824182418e+00  9.604365304069988e-02  -4.360404279696442e-01
2.421242124212421e+00  9.473607882986354e-02  -4.355884437018829e-01
2.424242424242424e+00  9.342986158203806e-02  -4.351358784132090e-01
2.427242724272427e+00  9.212500302232779e-02  -4.346827441654310e-01
2.430243024302430e+00  9.082150483958000e-02  -4.342290530649455e-01
2.433243324332433e+00  8.951936868625214e-02  -4.337748172639540e-01
2.436243624362436e+00  8.821859617827599e-02  -4.333200489617254e-01
2.439243924392439e+00  8.691918889492102e-02  -4.328647604059034e-01
2.442244224422442e+00  8.562114837865188e-02  -4.324089638938612e-01
2.445244524452445e+00  8.432447613498591e-02  -4.319526717741043e-01
2.448244824482448e+00  8.302917363234555e-02  -4.314958964477222e-01
2.451245124512451e+00  8.173524230190801e-02  -4.310386503698909e-01
2.454245424542454e+00  8.044268353745351e-02  -4.305809460514280e-01
2.457245724572457e+00  7.915149869520773e-02  -4.301227960603994e-01
2.460246024602460e+00  7.786168909367602e-02  -4.296642130237828e-01
2.463246324632463e+00  7.657325601283288e-02  -4.292052096298791e-01
2.466246624662466e+00  7.528620069452344e-02  -4.287457986309958e-01
2.469246924692469e+00  7.400052434252162e-02  -4.282859928439093e-01
2.472247224722472e+00  7.271622812201350e-02  -4.278258051519538e-01
2.475247524752475e+00  7.143331315940732e-02  -4.273652485074240e-01
2.478247824782478e+00  7.015178054213270e-02  -4.269043359340099e-01
2.481248124812481e+00  6.887163131843047e-02  -4.264430805292828e-01
2.484248424842484e+00  6.759286649713503e-02  -4.259814954672483e-01
2.487248724872487e+00  6.631548704744410e-02  -4.255195940009850e-01
2.490249024902490e+00  6.503949389868131e-02  -4.250573894653849e-01
2.493249324932493e+00  6.376488794004681e-02  -4.245948952800150e-01
2.496249624962496e+00  6.249167002035727e-02  -4.241321249521153e-01
2.499249924992499e+00  6.121984094777726e-02  -4.236690920797527e-01
2.502250225022502e+00  5.994940148953681e-02  -4.232058103551462e-01
2.505250525052505e+00  5.868035237164065e-02  -4.227422935681832e-01
2.508250825082508e+00  5.741269427856417e-02  -4.222785556101422e-01
2.511251125112511e+00  5.614642785293779e-02  -4.218146104776400e-01
2.514251425142514e+00  5.488155369522132e-02  -4.213504722768223e-01
2.517251725172517e+00  5.361807236336347e-02  -4.208861552278126e-01
2.520252025202520e+00  5.235598437245163e-02  -4.204216736694389e-01
2.523252325232523e+00  5.109529019434754e-02  -4.199570420642549e-01
2.526252625262526e+00  4.983599025730980e-02  -4.194922750038725e-01
2.529252925292529e+00  4.857808494560541e-02  -4.190273872146252e-01
2.532253225322532e+00  4.732157459910522e-02  -4.185623935635764e-01
2.535253525352535e+00  4.606645951286849e-02  -4.180973090648936e-01
2.538253825382538e+00  4.481273993671200e-02  -4.176321488866038e-01
2.541254125412541e+00  4.356041607476507e-02  -4.171669283577477e-01
2.544254425442544e+00  4.230948808501225e-02  -4.167016629759515e-01
2.547254725472547e+00  4.105995607881863e-02  -4.162363684154319e-01
2.550255025502550e+00  3.981182012033990e-02  -4.157710605357789e-01
2.553255325532553e+00  3.856508022514720e-02  -4.153057553949080e-01
2.556255625562556e+00  3.731973636057789e-02  -4.148404692570649e-01
2.559255925592559e+00  3.607578844494401e-02  -4.143752186033821e-01
2.562256225622562e+00  3.483323634675653e-02  -4.139100201451638e-01
2.565256525652565e+00  3.359207988403320e-02  -4.134448908375805e-01
2.568256825682568e+00  3.235231882355208e-02  -4.129798478942876e-01
2.571257125712571e+00  3.111395288005042e-02  -4.125149088032794e-01
2.574257425742574e+00  2.987698171536871e-02  -4.120500913442953e-01
2.577257725772577e+00  2.864140493753307e-02  -4.115854136080901e-01
2.580258025802580e+00  2.740722209977942e-02  -4.111208940178847e-01
2.583258325832583e+00  2.617443269951273e-02  -4.106565513533090e-01
2.586258625862586e+00  2.494303617720110e-02  -4.101924047771537e-01
2.589258925892589e+00  2.371303191520427e-02  -4.097284738652430e-01
2.592259225922592e+00  2.248441923652994e-02  -4.092647786397433e-01
2.595259525952595e+00  2.125719740352132e-02  -4.088013396062228e-01
2.598259825982598e+00  2.003136561620404e-02  -4.083381777965410e-01
2.601260126012601e+00  1.880692301047002e-02  -4.078753148218955e-01
2.604260426042604e+00  1.758386865650819e-02  -4.074127729249569e-01
2.607260726072607e+00  1.636220155673059e-02  -4.069505750503419e-01
2.610261026102610e+00  1.514192064360825e-02  -4.064887449244039e-01
2.613261326132613e+00  1.392302477717291e-02  -4.060273071470428e-01
2.616261626162616e+00  1.270551274216703e-02  -4.055662873036893e-01
2.619261926192619e+00  1.148938324482474e-02  -4.051057121056181e-01
2.622262226222622e+00  1.027463490926035e-02  -4.046456095667434e-01
2.625262526252625e+00  9.061266273450651e-03  -4.041860092250524e-01
2.628262826282628e+00  7.849275784386376e-03  -4.037269424262617e-01
2.631263126312631e+00  6.638661791428400e-03  -4.032684427265276e-01
2.634263426342634e+00  5.429422539407328e-03  -4.028105464422299e-01
2.637263726372637e+00  4.221556159052483e-03  -4.023532934797652e-01
2.640264026402640e+00  3.015060654410808e-03  -4.018967286796947e-01
2.643264326432643e+00  1.809933884742845e-03  -4.014409042871075e-01
2.646264626462646e+00  6.061735351087819e-04  -4.009858856718875e-01
