# Lane-Emden solution for 2D geometry, n=1.5
# xi_1 = 2.6477815002e+00
# dtheta_1 = -4.0153529219e-01
# n_points = 265
# Columns: xi  theta  dtheta/dxi
1.0000000000e-10  1.0000000000e+00  0.0000000000e+00
1.0010010110e-02  9.9997495016e-01  -5.0049109579e-03
2.0020020120e-02  9.9989980346e-01  -1.0009257570e-02
3.0030030130e-02  9.9977456838e-01  -1.5012476418e-02
4.0040040140e-02  9.9959925902e-01  -2.0014002433e-02
5.0050050150e-02  9.9937389517e-01  -2.5013274026e-02
6.0060060159e-02  9.9909850218e-01  -3.0009726400e-02
7.0070070169e-02  9.9877311108e-01  -3.5002797464e-02
8.0080080179e-02  9.9839775861e-01  -3.9991927240e-02
9.0090090189e-02  9.9797248698e-01  -4.4976553805e-02
1.0010010020e-01  9.9749734395e-01  -4.9956115325e-02
1.1011011021e-01  9.9697238315e-01  -5.4930054593e-02
1.2012012022e-01  9.9639766371e-01  -5.9897815172e-02
1.3013013023e-01  9.9577325027e-01  -6.4858840484e-02
1.4014014024e-01  9.9509921290e-01  -6.9812573822e-02
1.5015015025e-01  9.9437562719e-01  -7.4758460423e-02
1.6016016026e-01  9.9360257465e-01  -7.9695949902e-02
1.7017017027e-01  9.9278014223e-01  -8.4624493403e-02
1.8018018028e-01  9.9190842228e-01  -8.9543543213e-02
1.9019019029e-01  9.9098751250e-01  -9.4452552773e-02
2.0020020030e-01  9.9001751598e-01  -9.9350976669e-02
2.1021021031e-01  9.8899854113e-01  -1.0423827104e-01
2.2022022032e-01  9.8793070198e-01  -1.0911389645e-01
2.3023023033e-01  9.8681411841e-01  -1.1397731685e-01
2.4024024034e-01  9.8564891549e-01  -1.1882799852e-01
2.5025025035e-01  9.8443522348e-01  -1.2366541002e-01
2.6026026036e-01  9.8317317786e-01  -1.2848902226e-01
2.7027027037e-01  9.8186291928e-01  -1.3329830846e-01
2.8028028038e-01  9.8050459357e-01  -1.3809274417e-01
2.9029029039e-01  9.7909835178e-01  -1.4287180724e-01
3.0030030040e-01  9.7764434998e-01  -1.4763497934e-01
3.1031031041e-01  9.7614274999e-01  -1.5238174742e-01
3.2032032042e-01  9.7459371906e-01  -1.5711160137e-01
3.3033033043e-01  9.7299742933e-01  -1.6182403457e-01
3.4034034044e-01  9.7135405782e-01  -1.6651854392e-01
3.5035035045e-01  9.6966378645e-01  -1.7119462982e-01
3.6036036046e-01  9.6792680200e-01  -1.7585179621e-01
3.7037037047e-01  9.6614329613e-01  -1.8048955050e-01
3.8038038048e-01  9.6431346541e-01  -1.8510740364e-01
3.9039039049e-01  9.6243751127e-01  -1.8970487008e-01
4.0040040050e-01  9.6051563995e-01  -1.9428146852e-01
4.1041041051e-01  9.5854806276e-01  -1.9883672412e-01
4.2042042052e-01  9.5653499617e-01  -2.0337016551e-01
4.3043043053e-01  9.5447666119e-01  -2.0788132573e-01
4.4044044054e-01  9.5237328328e-01  -2.1236974237e-01
4.5045045055e-01  9.5022509236e-01  -2.1683495759e-01
4.6046046056e-01  9.4803232283e-01  -2.2127651810e-01
4.7047047057e-01  9.4579521356e-01  -2.2569397515e-01
4.8048048058e-01  9.4351400787e-01  -2.3008688457e-01
4.9049049059e-01  9.4118895357e-01  -2.3445480672e-01
5.0050050060e-01  9.3882030279e-01  -2.3879730709e-01
5.1051051061e-01  9.3640831216e-01  -2.4311395745e-01
5.2052052062e-01  9.3395324301e-01  -2.4740433419e-01
5.3053053063e-01  9.3145536068e-01  -2.5166801902e-01
5.4054054064e-01  9.2891493449e-01  -2.5590459898e-01
5.5055055065e-01  9.2633223771e-01  -2.6011366649e-01
5.6056056065e-01  9.2370754763e-01  -2.6429481933e-01
5.7057057066e-01  9.2104114550e-01  -2.6844766061e-01
5.8058058067e-01  9.1833331656e-01  -2.7257179882e-01
5.9059059068e-01  9.1558435002e-01  -2.7666684782e-01
6.0060060069e-01  9.1279453870e-01  -2.8073242775e-01
6.1061061070e-01  9.0996417976e-01  -2.8476816472e-01
6.2062062071e-01  9.0709357413e-01  -2.8877369051e-01
6.3063063072e-01  9.0418302621e-01  -2.9274864287e-01
6.4064064073e-01  9.0123284379e-01  -2.9669266554e-01
6.5065065074e-01  8.9824333812e-01  -3.0060540821e-01
6.6066066075e-01  8.9521482388e-01  -3.0448652653e-01
6.7067067076e-01  8.9214761919e-01  -3.0833568214e-01
6.8068068077e-01  8.8904204557e-01  -3.1215254266e-01
6.9069069078e-01  8.8589842787e-01  -3.1593678181e-01
7.0070070079e-01  8.8271709408e-01  -3.1968808017e-01
7.1071071080e-01  8.7949837595e-01  -3.2340612445e-01
7.2072072081e-01  8.7624260816e-01  -3.2709060775e-01
7.3073073082e-01  8.7295012824e-01  -3.3074122954e-01
7.4074074083e-01  8.6962127653e-01  -3.3435769575e-01
7.5075075084e-01  8.6625639622e-01  -3.3793971869e-01
7.6076076085e-01  8.6285583332e-01  -3.4148701710e-01
7.7077077086e-01  8.5941993670e-01  -3.4499931614e-01
7.8078078087e-01  8.5594905805e-01  -3.4847634738e-01
7.9079079088e-01  8.5244355149e-01  -3.5191784911e-01
8.0080080089e-01  8.4890377409e-01  -3.5532356658e-01
8.1081081090e-01  8.4533008572e-01  -3.5869325157e-01
8.2082082091e-01  8.4172284847e-01  -3.6202666258e-01
8.3083083092e-01  8.3808242661e-01  -3.6532356477e-01
8.4084084093e-01  8.3440918661e-01  -3.6858373000e-01
8.5085085094e-01  8.3070349716e-01  -3.7180693685e-01
8.6086086095e-01  8.2696572913e-01  -3.7499297055e-01
8.7087087096e-01  8.2319625559e-01  -3.7814162306e-01
8.8088088097e-01  8.1939545177e-01  -3.8125269300e-01
8.9089089098e-01  8.1556369455e-01  -3.8432598604e-01
9.0090090099e-01  8.1170136339e-01  -3.8736131479e-01
9.1091091100e-01  8.0780883957e-01  -3.9035849869e-01
9.2092092101e-01  8.0388650591e-01  -3.9331736396e-01
9.3093093102e-01  7.9993474678e-01  -3.9623774362e-01
9.4094094103e-01  7.9595394808e-01  -3.9911947752e-01
9.5095095104e-01  7.9194449723e-01  -4.0196241229e-01
9.6096096105e-01  7.8790678321e-01  -4.0476640136e-01
9.7097097106e-01  7.8384119655e-01  -4.0753130497e-01
9.8098098107e-01  7.7974812915e-01  -4.1025699017e-01
9.9099099108e-01  7.7562797397e-01  -4.1294333095e-01
1.0010010011e+00  7.7148112591e-01  -4.1559020839e-01
1.0110110111e+00  7.6730798085e-01  -4.1819751032e-01
1.0210210211e+00  7.6310893556e-01  -4.2076513132e-01
1.0310310311e+00  7.5888438766e-01  -4.2329297271e-01
1.0410410411e+00  7.5463473565e-01  -4.2578094259e-01
1.0510510511e+00  7.5036037889e-01  -4.2822895579e-01
1.0610610612e+00  7.4606171763e-01  -4.3063693390e-01
1.0710710712e+00  7.4173915297e-01  -4.3300480524e-01
1.0810810812e+00  7.3739308667e-01  -4.3533250485e-01
1.0910910912e+00  7.3302392097e-01  -4.3761997452e-01
1.1011011012e+00  7.2863205928e-01  -4.3986716306e-01
1.1111111112e+00  7.2421790531e-01  -4.4207402583e-01
1.1211211212e+00  7.1978186297e-01  -4.4424052473e-01
1.1311311312e+00  7.1532433638e-01  -4.4636662824e-01
1.1411411412e+00  7.1084572986e-01  -4.4845231133e-01
1.1511511512e+00  7.0634644794e-01  -4.5049755557e-01
1.1611611612e+00  7.0182689537e-01  -4.5250234904e-01
1.1711711713e+00  6.9728747710e-01  -4.5446668636e-01
1.1811811813e+00  6.9272859805e-01  -4.5639056860e-01
1.1911911913e+00  6.8815066297e-01  -4.5827400322e-01
1.2012012013e+00  6.8355407713e-01  -4.6011700452e-01
1.2112112113e+00  6.7893924540e-01  -4.6191959302e-01
1.2212212213e+00  6.7430657224e-01  -4.6368179543e-01
1.2312312313e+00  6.6965646168e-01  -4.6540364467e-01
1.2412412413e+00  6.6498931730e-01  -4.6708517986e-01
1.2512512513e+00  6.6030554226e-01  -4.6872644631e-01
1.2612612613e+00  6.5560553928e-01  -4.7032749553e-01
1.2712712714e+00  6.5088971064e-01  -4.7188838524e-01
1.2812812814e+00  6.4615845804e-01  -4.7340917920e-01
1.2912912914e+00  6.4141218227e-01  -4.7488994706e-01
1.3013013014e+00  6.3665128402e-01  -4.7633076498e-01
1.3113113114e+00  6.3187616304e-01  -4.7773171496e-01
1.3213213214e+00  6.2708721805e-01  -4.7909288469e-01
1.3313313314e+00  6.2228484671e-01  -4.8041436762e-01
1.3413413414e+00  6.1746944565e-01  -4.8169626293e-01
1.3513513514e+00  6.1264141047e-01  -4.8293867551e-01
1.3613613614e+00  6.0780113571e-01  -4.8414171601e-01
1.3713713715e+00  6.0294901490e-01  -4.8530550080e-01
1.3813813815e+00  5.9808544044e-01  -4.8643015190e-01
1.3913913915e+00  5.9321080314e-01  -4.8751579648e-01
1.4014014015e+00  5.8832549314e-01  -4.8856256785e-01
1.4114114115e+00  5.8342989914e-01  -4.8957060465e-01
1.4214214215e+00  5.7852440826e-01  -4.9054005073e-01
1.4314314315e+00  5.7360940602e-01  -4.9147105506e-01
1.4414414415e+00  5.6868527632e-01  -4.9236377182e-01
1.4514514515e+00  5.6375240148e-01  -4.9321836033e-01
1.4614614615e+00  5.5881116223e-01  -4.9403498508e-01
1.4714714716e+00  5.5386193767e-01  -4.9481381575e-01
1.4814814816e+00  5.4890510534e-01  -4.9555502715e-01
1.4914914916e+00  5.4394104070e-01  -4.9625879867e-01
1.5015015016e+00  5.3897011773e-01  -4.9692531494e-01
1.5115115116e+00  5.3399270873e-01  -4.9755476573e-01
1.5215215216e+00  5.2900918389e-01  -4.9814734529e-01
1.5315315316e+00  5.2401991130e-01  -4.9870325244e-01
1.5415415416e+00  5.1902525696e-01  -4.9922269051e-01
1.5515515516e+00  5.1402558476e-01  -4.9970586738e-01
1.5615615616e+00  5.0902125649e-01  -5.0015299544e-01
1.5715715717e+00  5.0401263183e-01  -5.0056429163e-01
1.5815815817e+00  4.9900006836e-01  -5.0093997740e-01
1.5915915917e+00  4.9398392142e-01  -5.0128027854e-01
1.6016016017e+00  4.8896454390e-01  -5.0158542466e-01
1.6116116117e+00  4.8394228683e-01  -5.0185565037e-01
1.6216216217e+00  4.7891749878e-01  -5.0209119422e-01
1.6316316317e+00  4.7389052576e-01  -5.0229229861e-01
1.6416416417e+00  4.6886171124e-01  -5.0245920979e-01
1.6516516517e+00  4.6383139614e-01  -5.0259217788e-01
1.6616616617e+00  4.5879991887e-01  -5.0269145685e-01
1.6716716718e+00  4.5376761525e-01  -5.0275730451e-01
1.6816816818e+00  4.4873481858e-01  -5.0278998256e-01
1.6916916918e+00  4.4370185961e-01  -5.0278975652e-01
1.7017017018e+00  4.3866906626e-01  -5.0275689517e-01
1.7117117118e+00  4.3363676386e-01  -5.0269167101e-01
1.7217217218e+00  4.2860527525e-01  -5.0259436047e-01
1.7317317318e+00  4.2357492034e-01  -5.0246524316e-01
1.7417417418e+00  4.1854601612e-01  -5.0230460187e-01
1.7517517518e+00  4.1351887669e-01  -5.0211272256e-01
1.7617617618e+00  4.0849381318e-01  -5.0188989436e-01
1.7717717719e+00  4.0347113385e-01  -5.0163640958e-01
1.7817817819e+00  3.9845114401e-01  -5.0135256369e-01
1.7917917919e+00  3.9343414605e-01  -5.0103865535e-01
1.8018018019e+00  3.8842043945e-01  -5.0069498636e-01
1.8118118119e+00  3.8341032045e-01  -5.0032186097e-01
1.8218218219e+00  3.7840408245e-01  -4.9991958667e-01
1.8318318319e+00  3.7340201589e-01  -4.9948847406e-01
1.8418418419e+00  3.6840440798e-01  -4.9902883623e-01
1.8518518519e+00  3.6341154268e-01  -4.9854098883e-01
1.8618618619e+00  3.5842370074e-01  -4.9802525003e-01
1.8718718720e+00  3.5344115968e-01  -4.9748194051e-01
1.8818818820e+00  3.4846419378e-01  -4.9691138350e-01
1.8918918920e+00  3.4349307409e-01  -4.9631390474e-01
1.9019019020e+00  3.3852806843e-01  -4.9568983251e-01
1.9119119120e+00  3.3356944140e-01  -4.9503949760e-01
1.9219219220e+00  3.2861745414e-01  -4.9436323279e-01
1.9319319320e+00  3.2367236453e-01  -4.9366137321e-01
1.9419419420e+00  3.1873442727e-01  -4.9293425660e-01
1.9519519520e+00  3.1380389359e-01  -4.9218222270e-01
1.9619619620e+00  3.0888101122e-01  -4.9140561321e-01
1.9719719721e+00  3.0396602441e-01  -4.9060477181e-01
1.9819819821e+00  2.9905917395e-01  -4.8978004417e-01
1.9919919921e+00  2.9416069712e-01  -4.8893177791e-01
2.0020020021e+00  2.8927082774e-01  -4.8806032265e-01
2.0120120121e+00  2.8438979614e-01  -4.8716602999e-01
2.0220220221e+00  2.7951782916e-01  -4.8624925349e-01
2.0320320321e+00  2.7465515014e-01  -4.8531034859e-01
2.0420420421e+00  2.6980197865e-01  -4.8434967219e-01
2.0520520521e+00  2.6495853098e-01  -4.8336758334e-01
2.0620620621e+00  2.6012501979e-01  -4.8236444281e-01
2.0720720722e+00  2.5530165402e-01  -4.8134061299e-01
2.0820820822e+00  2.5048863895e-01  -4.8029645791e-01
2.0920920922e+00  2.4568617618e-01  -4.7923234320e-01
2.1021021022e+00  2.4089446360e-01  -4.7814863614e-01
2.1121121122e+00  2.3611369543e-01  -4.7704570561e-01
2.1221221222e+00  2.3134406220e-01  -4.7592392216e-01
2.1321321322e+00  2.2658575076e-01  -4.7478365790e-01
2.1421421422e+00  2.2183894427e-01  -4.7362528663e-01
2.1521521522e+00  2.1710382212e-01  -4.7244918377e-01
2.1621621622e+00  2.1238055979e-01  -4.7125572637e-01
2.1721721723e+00  2.0766932927e-01  -4.7004529272e-01
2.1821821823e+00  2.0297029868e-01  -4.6881826284e-01
2.1921921923e+00  1.9828363228e-01  -4.6757501839e-01
2.2022022023e+00  1.9360949044e-01  -4.6631594278e-01
2.2122122123e+00  1.8894802965e-01  -4.6504142109e-01
2.2222222223e+00  1.8429940255e-01  -4.6375184009e-01
2.2322322323e+00  1.7966375786e-01  -4.6244758829e-01
2.2422422423e+00  1.7504124044e-01  -4.6112905585e-01
2.2522522523e+00  1.7043199128e-01  -4.5979663467e-01
2.2622622623e+00  1.6583614749e-01  -4.5845071832e-01
2.2722722723e+00  1.6125384227e-01  -4.5709170213e-01
2.2822822824e+00  1.5668520455e-01  -4.5571998509e-01
2.2922922924e+00  1.5213035955e-01  -4.5433596638e-01
2.3023023024e+00  1.4758942862e-01  -4.5294004645e-01
2.3123123124e+00  1.4306252897e-01  -4.5153262868e-01
2.3223223224e+00  1.3854977366e-01  -4.5011411937e-01
2.3323323324e+00  1.3405127159e-01  -4.4868492773e-01
2.3423423424e+00  1.2956712754e-01  -4.4724546588e-01
2.3523523524e+00  1.2509744210e-01  -4.4579614888e-01
2.3623623624e+00  1.2064231173e-01  -4.4433739468e-01
2.3723723724e+00  1.1620182874e-01  -4.4286962417e-01
2.3823823825e+00  1.1177608130e-01  -4.4139326115e-01
2.3923923925e+00  1.0736515340e-01  -4.3990873233e-01
2.4024024025e+00  1.0296912492e-01  -4.3841646736e-01
2.4124124125e+00  9.8588070922e-02  -4.3691690369e-01
2.4224224225e+00  9.4222062239e-02  -4.3541048133e-01
2.4324324325e+00  8.9871165559e-02  -4.3389764281e-01
2.4424424425e+00  8.5535442894e-02  -4.3237883805e-01
2.4524524525e+00  8.1214951574e-02  -4.3085452436e-01
2.4624624625e+00  7.6909744252e-02  -4.2932516644e-01
2.4724724725e+00  7.2619868899e-02  -4.2779123638e-01
2.4824824826e+00  6.8345368809e-02  -4.2625321366e-01
2.4924924926e+00  6.4086282595e-02  -4.2471158515e-01
2.5025025026e+00  5.9842644190e-02  -4.2316684511e-01
2.5125125126e+00  5.5614482195e-02  -4.2161950277e-01
2.5225225226e+00  5.1401820037e-02  -4.2007007833e-01
2.5325325326e+00  4.7204676083e-02  -4.1851910386e-01
2.5425425426e+00  4.3023062957e-02  -4.1696713295e-01
2.5525525526e+00  3.8856987534e-02  -4.1541474062e-01
2.5625625626e+00  3.4706450940e-02  -4.1386252341e-01
2.5725725726e+00  3.0571448556e-02  -4.1231109930e-01
2.5825825827e+00  2.6451969403e-02  -4.1076111931e-01
2.5925925927e+00  2.2347995605e-02  -4.0921327378e-01
2.6026026027e+00  1.8259502038e-02  -4.0766830839e-01
2.6126126127e+00  1.4186455611e-02  -4.0612704251e-01
2.6226226227e+00  1.0128815041e-02  -4.0459037884e-01
2.6326326327e+00  6.0865293588e-03  -4.0305935296e-01
2.6426426427e+00  2.0595355814e-03  -4.0153529219e-01
